22.448
24.929
22.504
23.125
21.263
22.166
21.489
21.489
23.858
21.376
21.094
21.489
22.222
22.109
21.376
21.376
20.530
21.545
21.094
20.474
21.263
21.376
23.181
21.489
22.899
21.545
25.099
21.489
20.925
21.827
19.797
21.263
22.222
21.207
21.489
21.376
21.376
21.263
25.494
21.376
21.207
21.320
21.376
20.192
21.489
20.417
19.628
21.715
20.135
21.545
21.376
23.914
21.433
20.981
20.023
21.489
21.545
21.489
21.489
19.177
20.925
19.289
20.925
21.489
19.966
21.602
21.602
21.376
20.248
18.387
22.166
19.910
21.376
21.376
19.741
21.489
18.951
21.940
21.376
21.376
21.038
21.997
23.971
20.079
21.489
21.376
21.489
21.376
21.320
18.838
19.628
21.376
21.376
21.489
21.207
20.474
21.376
20.643
21.884
21.489
21.884
21.489
21.376
21.433
21.151
21.433
20.530
21.771
21.376
21.376
21.489
21.489
20.869
21.489
21.376
20.530
21.433
19.910
20.587
20.248
19.346
20.361
21.827
22.053
20.023
18.951
21.602
21.771
21.376
21.433
20.756
21.489
21.433
20.756
20.079
21.376
22.279
21.376
21.715
21.433
21.376
21.376
21.489
21.207
21.320
20.361
21.376
20.869
21.263
20.869
21.094
24.140
21.489
19.910
21.658
21.489
21.489
21.376
21.658
21.489
21.489
21.376
21.489
18.387
19.741
20.699
21.433
21.376
21.376
21.376
21.884
21.376
21.376
21.320
21.151
21.489
21.376
21.940
19.233
21.376
20.699
20.925
21.038
21.489
20.474
21.489
21.094
21.602
21.151
19.966
21.376
21.489
21.320
21.094
21.489
21.433
21.263
21.489
22.843
21.376
21.376
20.474
21.489
20.361
21.207
19.459
21.151
18.274
21.151
21.151
21.376
21.376
21.489
17.936
21.320
21.489
21.489
21.489
17.372
21.207
21.151
20.530
21.263
21.376
21.545
16.977
21.489
21.376
21.376
21.489
21.376
21.489
21.376
21.263
19.966
21.376
21.376
17.823
21.884
21.376
22.053
18.556
18.725
21.545
18.725
21.376
23.125
22.448
21.489
21.207
18.387
18.387
21.489
21.489
21.207
21.545
17.146
18.669
21.489
21.489
21.489
20.869
21.207
20.925
21.038
21.263
21.489
21.433
21.376
21.545
21.376
21.658
21.489
21.489
21.320
20.361
18.443
17.766
17.541
20.417
22.279
20.530
18.782
20.756
18.387
21.489
21.263
21.602
21.376
21.376
21.376
21.207
20.587
21.433
19.966
20.248
21.545
21.320
19.515
19.571
21.207
21.545
18.725
21.263
17.654
18.895
17.992
18.556
18.556
20.981
18.556
19.741
19.177
18.443
18.387
19.910
18.274
21.207
16.977
21.207
19.910
18.725
21.263
18.049
18.951
21.376
19.064
21.489
18.838
20.079
18.218
21.320
21.151
17.823
19.064
17.823
18.443
18.782
18.049
18.387
17.879
21.320
20.756
21.207
18.838
18.613
20.192
21.320
19.064
18.613
21.489
21.151
21.376
18.782
21.038
19.064
17.766
21.263
19.459
17.259
20.869
19.064
18.895
17.823
16.526
17.372
18.895
17.823
17.033
18.669
18.613
17.428
20.925
20.587
21.038
18.669
20.417
19.459
18.838
18.049
19.177
16.751
18.331
18.951
21.433
21.433
19.289
21.771
17.992
17.936
18.105
19.853
17.315
18.895
19.007
16.131
18.556
16.920
19.684
17.710
18.274
19.571
19.064
17.992
20.417
18.613
21.207
17.879
17.654
17.992
18.669
17.992
18.556
17.936
18.895
17.823
17.710
21.094
17.541
16.526
18.500
17.146
19.797
18.556
21.038
21.376
21.320
17.484
18.443
18.331
18.161
17.484
22.166
19.628
18.613
17.597
19.233
20.192
18.556
18.274
16.977
18.500
18.218
18.895
19.289
17.992
18.556
19.120
20.474
23.745
19.741
19.064
18.500
19.910
18.725
18.613
18.838
18.613
18.725
18.556
17.541
18.387
18.895
17.992
18.556
18.782
19.966
18.613
18.613
18.443
18.556
19.120
18.613
17.879
18.218
18.500
19.120
18.500
18.387
19.628
17.992
17.372
18.838
16.131
18.725
21.320
18.331
21.376
18.387
18.387
20.925
18.613
21.094
21.376
18.387
19.120
21.376
18.387
19.459
20.756
17.936
17.710
19.628
20.079
20.248
17.428
17.879
21.320
20.925
21.320
20.981
20.361
19.966
19.007
18.500
18.218
19.741
17.428
21.376
18.443
21.207
20.474
18.556
17.992
18.387
18.613
21.151
18.274
18.387
18.500
18.161
18.838
21.489
19.289
21.489
19.289
20.023
18.049
18.331
20.361
17.541
19.684
19.684
21.151
18.218
18.161
17.766
21.151
18.161
18.161
16.864
18.161
17.315
19.064
20.135
19.007
21.320
18.556
21.320
18.556
17.879
18.500
18.669
19.177
18.274
18.556
18.613
18.387
19.459
18.556
21.207
20.248
18.725
21.320
18.161
18.161
18.951
18.725
20.699
21.320
17.315
17.879
18.274
18.161
21.376
18.782
18.274
18.274
16.131
21.320
20.812
19.064
19.289
18.274
17.766
19.402
18.951
18.049
16.582
19.007
19.120
18.274
17.654
17.541
20.474
18.613
18.613
18.331
18.161
19.459
18.049
20.530
17.372
18.218
18.274
18.161
17.428
18.218
19.346
17.372
19.064
19.459
18.895
19.346
19.459
20.361
17.766
18.895
20.417
18.556
18.500
21.376
17.033
18.725
18.049
17.090
19.289
20.756
18.331
18.556
18.218
16.751
17.541
18.105
18.951
19.064
19.910
18.613
19.007
17.879
21.376
16.864
16.413
21.489
21.151
20.361
21.320
17.879
17.541
21.489
16.582
17.936
18.556
20.192
19.459
19.346
18.218
18.443
18.105
18.725
21.489
18.161
21.489
17.710
17.936
18.049
17.992
21.489
15.962
16.413
21.094
16.469
18.218
21.207
17.541
17.992
17.033
17.428
18.105
16.356
18.951
18.387
21.151
18.218
21.320
18.387
19.910
18.161
21.320
18.105
17.992
18.161
17.992
21.094
19.064
18.613
17.936
17.936
21.038
20.699
19.402
17.202
20.248
21.151
20.474
21.094
17.090
18.951
19.346
21.151
18.387
19.233
21.151
19.966
20.135
18.331
18.443
21.376
21.376
18.725
21.151
17.710
18.105
20.643
19.177
18.105
18.161
17.033
17.654
19.515
18.331
19.007
21.207
17.146
17.654
17.654
17.936
18.500
15.623
17.992
21.207
17.766
20.643
18.105
17.710
15.792
13.931
17.766
18.500
18.951
18.161
17.992
19.402
18.274
19.966
18.895
18.105
17.823
18.951
20.869
17.541
20.587
17.033
17.823
17.823
17.879
18.274
20.474
15.510
21.038
16.977
20.699
17.146
16.469
21.038
19.571
17.597
18.218
18.218
18.161
17.992
20.417
17.823
18.049
17.202
17.992
17.597
17.936
18.049
17.033
16.413
21.376
18.161
19.177
20.756
17.936
17.090
20.869
19.515
18.049
17.033
17.259
17.541
17.823
18.443
19.120
15.792
17.710
17.090
21.094
18.105
16.074
18.669
17.992
21.094
19.853
20.643
17.766
18.161
19.289
18.218
21.094
18.613
21.263
17.710
17.936
17.033
21.207
17.766
17.879
18.049
17.654
19.853
18.274
18.669
18.782
21.151
21.320
17.033
17.879
17.879
16.751
17.936
17.766
17.992
17.372
18.105
21.151
17.484
20.135
18.443
19.515
19.007
20.248
18.049
21.038
18.387
16.131
20.981
20.643
18.049
17.992
18.838
18.049
18.669
18.161
18.387
16.413
18.218
20.643
18.838
17.766
19.797
21.320
18.161
16.582
16.695
16.638
20.699
18.951
18.049
18.218
17.766
18.556
18.895
18.387
18.556
18.951
18.387
21.376
17.992
16.526
17.710
18.105
16.695
21.320
18.218
17.090
15.172
17.823
17.766
20.869
20.135
18.613
19.346
21.263
17.766
18.105
19.571
18.105
18.331
21.038
17.766
17.879
17.823
21.320
18.105
17.541
17.879
17.766
17.146
18.161
17.766
17.202
20.699
17.259
17.766
21.094
17.090
19.346
17.090
17.766
18.105
20.981
18.838
18.556
16.977
18.161
18.725
18.161
18.556
18.782
17.654
18.669
17.654
17.936
18.556
18.443
19.289
17.259
18.613
16.977
18.895
17.992
18.838
18.725
17.202
21.038
17.823
17.879
18.161
20.812
18.951
18.049
18.782
18.105
17.654
17.992
17.936
18.725
21.376
18.725
18.669
18.782
18.669
17.090
17.259
18.782
17.936
19.459
21.376
21.320
19.515
18.387
17.372
17.146
17.315
17.823
18.838
16.977
19.459
17.710
17.146
21.320
17.259
16.977
17.090
17.033
17.259
17.202
19.853
17.259
17.259
17.202
17.202
17.823
17.879
17.823
21.376
17.146
17.766
17.146
17.090
18.161
17.259
17.428
16.977
17.428
17.259
17.315
18.556
17.654
17.654
17.992
21.376
17.428
17.202
17.654
17.259
17.936
17.879
17.146
17.315
17.541
17.766
17.823
18.161
17.202
21.376
17.484
17.259
21.376
17.202
20.981
17.259
18.105
17.146
21.376
17.259
17.259
17.372
17.259
18.274
17.597
17.033
17.710
20.981
20.135
17.372
17.090
17.936
17.202
17.146
17.992
18.331
17.823
17.541
21.263
17.879
21.320
17.992
18.274
17.146
17.484
17.259
17.033
18.443
17.259
17.259
17.541
17.202
17.146
17.146
21.376
17.202
17.202
17.372
21.376
17.202
17.202
17.428
17.372
17.202
17.259
17.315
17.654
17.541
18.331
18.105
17.259
17.259
17.202
17.202
17.541
16.413
17.146
17.090
17.202
17.146
21.376
17.315
21.207
17.428
16.695
17.033
19.233
20.305
17.710
17.202
21.376
17.090
17.823
17.090
17.033
18.218
17.428
17.202
17.484
17.428
17.033
17.259
17.710
20.079
17.541
17.202
17.146
17.259
18.331
17.202
17.202
17.710
17.823
18.274
17.879
18.725
17.259
17.202
18.387
19.853
18.387
17.259
17.372
18.387
17.315
19.966
20.192
17.259
16.977
17.315
17.372
21.376
17.315
17.315
17.992
17.259
17.315
17.259
17.710
17.090
17.259
17.372
17.259
17.315
17.259
17.090
19.346
17.202
17.146
17.090
17.315
17.315
17.259
17.597
17.428
16.864
17.936
17.823
17.766
17.654
17.428
21.263
17.428
17.315
17.315
17.146
17.766
19.684
17.315
17.428
17.259
17.259
17.992
17.146
17.372
17.259
19.628
17.315
19.684
17.202
17.484
17.315
21.207
17.202
17.315
17.259
17.315
18.556
17.202
17.259
17.259
19.853
17.259
17.259
17.259
17.315
17.597
17.315
17.202
17.202
17.428
17.372
20.643
17.259
17.259
17.202
17.823
17.315
17.315
17.259
20.023
17.202
17.766
17.259
17.766
17.428
17.146
17.315
17.202
17.146
17.315
17.484
17.202
17.315
16.920
17.372
16.977
17.259
17.372
17.484
17.315
21.376
17.710
17.259
17.372
17.202
17.259
17.484
17.259
17.315
17.372
17.541
17.936
17.541
16.356
17.315
17.146
17.372
16.977
16.864
17.202
17.315
17.823
17.710
21.207
17.879
17.541
17.259
17.372
17.428
17.372
17.202
17.315
17.090
17.202
21.433
17.259
17.372
17.597
17.259
17.992
21.207
17.315
16.920
17.372
17.484
17.315
17.766
17.484
17.372
17.259
17.146
20.812
17.484
17.259
17.372
17.597
17.315
17.484
18.951
17.315
16.920
17.372
17.484
18.161
17.202
21.489
17.597
17.710
17.315
17.372
17.259
17.484
17.259
17.315
17.202
20.925
17.484
17.315
17.090
17.315
17.484
17.315
17.315
17.936
17.259
17.202
17.710
17.936
17.315
17.372
16.977
17.259
17.202
17.428
16.526
17.202
17.315
18.218
17.202
17.428
17.879
18.387
17.541
18.105
18.331
17.315
17.202
17.033
17.484
17.259
17.372
17.372
17.259
17.259
17.202
17.259
17.090
20.587
20.756
17.372
17.202
17.202
17.315
16.977
17.259
17.710
17.315
17.992
17.146
17.372
18.105
17.315
17.315
17.259
17.541
17.541
17.315
17.428
17.372
21.263
17.259
17.202
17.597
17.428
21.489
17.372
17.428
17.259
17.315
18.500
18.105
16.920
17.202
21.207
17.484
21.489
21.038
21.094
21.038
21.038
16.920
17.146
17.428
17.259
20.417
17.146
17.710
17.710
17.090
17.428
21.376
16.864
20.981
20.869
20.699
17.484
17.372
17.372
21.263
17.428
20.699
17.202
17.259
17.428
17.259
17.090
20.925
17.259
17.259
21.376
17.202
21.151
20.587
17.315
20.756
20.643
21.207
18.782
17.710
17.541
17.315
17.259
17.597
17.315
20.981
17.879
17.541
21.320
18.218
18.161
20.530
20.981
18.274
18.274
21.207
20.587
20.925
17.484
16.920
20.361
20.361
17.484
17.428
21.038
17.766
17.259
17.879
17.879
17.541
16.300
19.289
17.202
21.884
17.372
17.315
17.315
17.315
20.192
20.079
17.879
17.823
18.443
17.654
20.135
17.202
17.372
17.597
16.526
17.541
17.315
17.879
17.823
19.120
17.315
18.838
21.207
17.654
17.428
17.710
17.484
16.920
17.823
17.484
17.372
17.428
17.428
16.977
17.484
17.428
16.695
17.315
17.879
17.259
20.869
19.515
18.049
18.331
17.541
18.782
17.259
17.597
17.202
17.372
17.202
17.710
17.823
18.669
17.484
17.597
16.977
16.413
17.202
17.879
17.259
17.879
16.864
17.259
17.766
18.669
17.992
17.428
18.218
21.151
17.992
18.556
17.879
21.545
18.725
17.202
17.936
17.541
18.274
17.315
17.879
17.372
17.597
17.428
21.489
17.766
17.315
17.936
17.259
17.090
17.428
17.484
17.033
17.654
17.315
17.202
17.259
17.710
16.977
17.484
17.766
17.372
17.315
17.428
17.428
17.484
17.202
17.597
17.484
17.484
17.484
17.597
16.977
21.207
17.654
17.823
17.766
17.315
17.146
17.428
17.936
21.038
17.090
17.823
17.936
17.484
17.654
17.202
17.879
21.207
17.710
17.372
17.484
18.218
17.710
17.597
17.315
17.372
17.315
17.936
17.315
17.315
17.146
17.541
17.766
17.766
17.710
17.259
17.710
18.274
17.484
17.372
17.823
17.315
17.541
20.305
17.936
17.484
17.936
17.710
17.710
17.315
17.710
17.259
17.936
17.936
17.766
17.823
17.484
17.484
17.823
17.597
17.428
17.428
17.597
17.428
17.879
17.484
17.541
17.541
17.936
17.823
17.766
17.484
17.766
17.879
17.428
17.654
17.541
17.823
17.428
17.541
17.879
17.823
17.146
21.376
17.879
17.428
17.879
17.654
18.331
17.710
17.259
17.315
17.315
21.207
17.766
17.879
17.541
17.484
17.202
17.823
16.695
19.684
17.823
18.443
18.105
17.259
17.484
17.146
17.372
17.879
21.433
17.710
17.766
17.879
17.936
17.597
17.541
17.710
18.049
17.710
17.202
17.597
18.049
17.372
17.823
21.658
17.936
17.597
17.259
17.936
17.710
17.541
18.049
21.207
17.372
17.597
17.992
21.320
17.766
17.202
17.766
17.597
17.823
17.879
21.151
17.597
17.597
17.992
18.161
17.372
17.992
19.064
17.654
17.766
17.879
17.541
17.879
17.710
17.879
19.515
17.936
17.936
17.992
17.879
17.484
17.936
17.654
19.064
17.654
21.263
17.710
17.710
19.064
17.879
17.879
17.879
17.146
17.823
17.710
17.823
18.049
17.936
18.049
17.879
17.879
17.823
18.218
17.033
17.710
17.823
17.823
17.710
17.710
17.936
17.090
19.007
17.766
17.710
17.823
17.484
17.654
17.823
17.823
17.823
17.992
17.710
17.710
17.372
17.146
18.274
17.992
18.049
17.823
18.218
17.766
17.766
17.766
17.766
17.936
17.879
17.766
17.879
18.443
18.161
17.823
17.710
17.202
19.289
18.725
17.766
17.879
18.613
16.244
17.259
17.259
17.202
18.274
17.146
17.315
17.315
17.936
18.838
17.879
16.920
17.428
17.823
16.695
17.936
18.387
18.274
17.823
17.879
18.161
17.541
18.218
17.315
17.033
17.654
17.541
17.992
17.597
17.710
17.710
17.766
17.654
17.428
17.710
16.977
19.064
21.151
21.207
17.259
17.654
17.597
21.207
17.823
21.207
16.751
17.823
17.823
20.417
17.597
17.823
17.823
18.331
17.033
17.879
20.530
16.356
17.484
17.710
16.808
18.613
17.936
17.766
17.484
17.766
17.541
20.925
17.541
18.387
17.484
17.766
18.951
17.541
18.443
18.613
19.515
16.526
18.331
18.951
18.331
18.331
17.992
20.643
17.766
21.489
17.766
21.207
17.710
17.766
18.443
18.387
17.823
17.992
17.766
18.049
19.233
18.331
17.936
18.331
18.443
18.556
20.587
18.443
17.823
18.331
18.443
18.443
17.823
20.248
17.879
18.443
21.376
17.879
17.879
16.977
16.638
18.218
17.936
17.710
17.710
18.218
17.823
18.274
18.443
17.992
17.879
18.331
18.331
17.936
18.500
18.218
18.161
18.387
18.951
17.823
18.331
18.895
17.766
18.443
17.936
18.161
16.469
17.879
18.443
18.161
18.613
18.218
17.879
17.823
16.638
18.274
18.049
17.992
18.105
17.766
17.879
16.582
18.218
17.259
18.274
19.346
18.331
19.120
17.823
16.751
17.823
18.331
17.090
17.992
16.751
17.823
18.387
17.992
17.823
17.541
17.710
19.402
18.218
17.823
21.263
17.879
19.402
17.710
17.879
17.541
18.387
21.151
19.741
17.936
16.977
20.869
17.372
18.105
18.387
21.376
20.530
17.879
18.161
17.259
17.823
17.823
17.823
16.977
20.248
16.751
17.879
18.161
19.966
21.207
17.033
18.049
17.992
17.879
17.710
17.936
17.372
17.090
17.033
16.751
17.541
16.864
17.823
16.808
17.823
17.766
16.977
18.274
18.387
21.038
17.597
20.981
21.038
17.033
18.161
17.879
18.331
17.654
17.879
17.879
17.597
17.597
17.597
19.289
16.920
17.033
19.064
20.305
17.879
17.484
18.161
20.248
16.864
20.305
20.361
20.305
17.879
16.808
17.992
20.361
17.033
19.853
16.751
20.248
16.977
16.526
20.023
17.033
17.033
16.808
16.920
17.710
20.981
16.695
19.571
17.936
19.346
16.582
17.766
17.823
17.428
16.864
18.105
21.489
18.161
20.305
20.587
21.094
17.090
17.879
17.879
17.597
17.823
18.500
17.654
17.090
17.597
19.797
17.823
17.541
17.823
16.074
19.797
15.510
17.710
15.454
20.248
17.090
20.643
17.428
17.823
18.387
17.259
17.541
18.387
17.541
16.864
17.823
16.864
20.474
20.305
20.248
17.033
17.766
17.823
17.823
17.823
20.361
17.597
17.823
20.248
18.218
17.541
15.398
20.361
17.654
18.613
19.853
17.597
17.879
20.305
17.823
17.654
17.710
16.864
17.372
17.315
20.925
17.202
17.710
17.936
17.202
16.300
17.936
17.428
17.259
17.654
17.766
16.751
17.766
17.090
17.710
17.202
16.469
20.361
19.346
17.710
17.428
17.090
17.823
18.049
17.766
17.766
17.879
17.879
17.710
17.202
18.049
21.038
17.202
17.597
17.654
17.879
17.992
18.274
17.936
17.766
16.920
17.936
17.766
17.597
17.710
17.710
17.766
17.879
17.654
20.869
17.936
17.710
17.823
17.597
17.879
17.484
17.823
17.597
17.654
17.823
17.654
19.346
17.541
17.766
21.038
20.643
21.094
17.315
17.766
20.756
17.823
21.207
17.766
20.023
17.710
17.879
17.879
17.654
20.192
17.710
17.936
17.823
17.823
17.654
19.289
19.289
17.259
20.869
15.285
17.654
17.766
16.582
20.417
16.018
19.741
17.823
17.766
18.331
19.966
17.766
20.812
17.766
17.766
17.766
17.541
20.925
17.766
17.710
17.936
17.654
19.628
17.484
20.981
21.207
17.710
17.654
17.710
17.823
17.597
18.161
17.710
21.151
21.038
17.823
17.766
19.120
21.151
17.654
17.766
17.710
19.289
20.192
19.741
17.654
15.680
17.710
17.823
17.879
17.710
17.879
18.161
21.489
17.992
17.541
17.823
17.879
17.766
17.654
19.797
17.879
17.710
18.387
14.777
15.059
17.823
20.981
20.981
16.864
16.074
17.597
18.838
17.654
15.116
17.710
17.879
18.443
18.218
15.341
16.469
18.556
17.823
15.059
19.628
19.515
14.439
17.710
16.074
17.766
17.428
17.597
18.218
15.059
18.218
17.710
17.710
17.766
17.766
15.341
14.608
18.218
18.218
18.838
17.879
18.443
17.766
17.766
14.777
14.890
17.992
15.398
14.834
18.105
14.721
17.710
14.834
14.890
17.654
18.443
14.834
16.131
17.710
15.059
14.890
15.059
15.059
17.654
17.484
15.003
15.905
17.541
15.116
14.946
14.721
15.003
15.059
17.484
17.654
15.116
15.228
17.823
15.172
17.710
15.172
14.890
14.834
15.454
15.285
14.777
14.890
15.003
14.890
17.597
15.003
15.003
14.664
14.721
17.992
17.766
15.003
15.285
17.823
14.664
15.228
15.059
17.654
17.654
15.003
14.664
15.116
15.059
17.710
17.597
15.116
15.454
14.608
14.664
14.777
15.059
15.059
15.341
15.172
14.721
15.003
17.710
15.454
14.608
15.285
18.500
17.823
17.710
17.654
15.285
17.710
15.736
15.341
17.372
14.721
17.654
14.777
17.766
18.951
15.285
14.721
15.285
15.172
15.510
14.946
17.823
18.725
17.992
17.823
14.721
15.454
15.341
15.172
15.003
15.116
17.710
14.946
15.285
15.172
15.059
14.777
20.925
17.766
17.992
14.890
15.849
15.059
15.398
17.766
15.736
15.116
15.059
14.834
17.766
15.341
15.003
19.853
17.823
15.172
17.710
15.567
20.981
17.654
15.059
14.834
15.116
15.398
15.172
15.003
15.510
15.172
17.992
18.049
15.454
15.059
15.398
20.192
17.823
18.331
17.766
15.003
15.003
14.834
14.834
15.510
15.172
15.285
18.331
15.116
15.116
15.003
16.526
15.116
14.890
15.003
15.285
15.341
14.946
15.172
15.116
15.003
16.018
21.433
18.782
17.315
15.398
16.638
14.890
15.341
15.003
17.202
14.946
15.003
19.177
14.608
21.376
17.992
15.962
14.777
15.003
15.285
15.285
15.116
15.059
14.721
16.187
15.567
14.721
17.879
14.495
14.890
14.721
16.920
21.151
15.228
14.608
18.105
15.228
17.936
18.274
16.751
18.105
21.376
14.890
14.044
17.597
17.654
14.890
14.664
18.105
17.710
15.905
17.541
16.469
14.608
15.059
14.664
15.398
15.003
17.428
17.597
14.890
15.059
16.244
15.341
15.510
17.372
14.890
15.285
14.608
17.766
18.331
14.552
20.812
15.059
15.228
15.059
14.946
15.172
15.003
18.049
15.567
14.552
14.495
15.003
17.484
16.074
17.710
15.567
15.510
14.890
16.074
18.049
15.116
16.808
15.736
17.259
18.049
15.116
15.228
20.756
16.526
18.161
17.710
17.654
16.018
15.680
15.228
15.228
15.680
17.597
15.116
17.710
15.736
16.977
15.228
15.454
15.228
15.059
15.454
15.454
15.623
15.510
17.541
19.628
15.003
15.680
15.341
15.059
15.680
17.372
15.228
15.792
16.131
18.500
20.869
15.398
15.680
15.567
17.654
15.116
17.823
17.823
15.116
15.228
15.792
20.530
15.285
15.285
16.187
15.228
15.341
15.003
14.946
15.567
15.736
15.228
16.244
17.823
14.439
17.766
15.172
16.018
16.018
15.905
18.161
15.398
15.849
15.623
14.946
15.116
15.398
15.510
16.131
15.849
15.228
15.341
15.285
21.658
15.228
15.849
15.059
16.413
15.905
16.244
16.131
14.834
17.259
20.474
19.233
16.187
15.341
16.074
15.962
15.567
15.172
15.398
15.849
16.131
14.834
16.131
18.331
15.792
15.792
15.962
15.905
15.736
15.228
17.428
14.721
16.244
18.161
16.808
15.962
15.962
18.161
15.736
16.244
15.059
14.834
15.792
15.792
15.003
15.510
15.849
19.007
16.244
18.725
17.372
16.018
14.552
15.003
15.905
15.736
15.736
15.905
15.736
15.849
14.946
18.725
15.172
16.356
21.433
14.834
16.131
16.018
15.510
15.962
15.003
16.074
15.398
15.680
15.849
21.151
14.664
18.556
15.962
20.925
14.890
17.146
15.059
18.500
15.792
21.489
15.228
15.962
15.172
14.834
14.946
15.341
15.059
15.341
15.059
15.003
15.116
16.526
16.074
15.736
19.571
15.116
15.736
15.623
15.172
15.003
15.905
15.059
15.172
15.172
16.526
15.116
17.146
15.003
15.059
16.638
15.849
15.059
15.116
15.341
15.849
15.905
15.172
15.398
15.116
17.259
15.228
15.285
15.003
16.695
16.751
15.116
15.285
15.116
15.172
15.736
15.172
14.890
15.116
21.263
21.263
15.059
15.341
15.228
15.736
15.116
15.792
17.315
15.228
14.890
14.777
15.172
14.834
17.090
15.003
15.059
16.751
15.172
15.792
15.228
15.116
16.695
15.962
15.172
16.074
18.161
18.331
15.905
15.849
15.792
17.146
15.116
15.172
16.018
15.623
15.059
15.116
16.920
15.003
16.187
14.552
15.059
15.454
15.172
15.680
14.495
14.946
15.792
15.849
20.192
15.849
15.116
14.157
15.059
16.469
17.484
15.623
14.664
15.003
15.736
16.187
16.695
15.849
16.356
17.372
16.413
15.172
15.341
14.946
14.946
15.849
16.638
15.116
16.864
15.905
16.638
15.285
14.664
17.541
21.263
15.059
15.228
16.638
15.962
15.849
17.315
16.074
17.766
20.981
16.187
14.890
15.792
16.582
15.003
17.597
18.443
15.792
16.808
16.582
15.172
16.582
15.623
16.413
14.946
16.356
20.079
15.228
16.638
15.003
15.849
16.018
16.638
15.849
19.628
16.582
16.695
16.695
15.567
15.341
14.326
17.315
15.228
15.172
15.228
15.059
16.244
13.931
15.962
16.526
15.285
19.346
15.792
14.890
15.680
15.510
15.228
15.228
16.469
18.500
15.116
15.172
15.003
18.669
15.962
15.059
16.187
16.638
15.116
16.582
14.946
18.556
17.146
14.664
16.413
14.946
15.172
18.218
16.582
16.582
16.695
16.469
15.116
15.228
16.751
16.469
15.228
16.469
16.582
15.172
16.920
15.398
16.244
16.582
16.977
16.582
17.541
15.059
15.398
15.172
15.228
16.469
17.710
15.680
15.003
16.582
17.936
15.172
16.920
15.116
14.552
16.300
16.638
16.582
14.890
15.116
16.469
14.890
16.244
17.372
16.526
17.654
16.751
16.864
15.905
16.582
16.244
14.834
15.172
15.228
17.428
17.033
16.582
14.608
15.285
14.946
17.992
16.187
18.725
16.582
17.372
14.890
15.623
15.285
14.382
18.331
15.003
15.228
16.187
17.823
15.059
15.285
18.105
17.823
17.597
16.018
16.638
17.484
16.526
16.300
14.608
17.879
15.510
15.059
15.398
17.484
15.172
19.966
17.541
15.116
16.187
15.116
15.116
14.270
17.259
21.376
15.172
15.116
17.597
14.946
17.936
17.597
14.777
17.090
15.172
16.074
16.695
20.361
17.315
15.116
14.890
17.033
16.920
16.526
16.638
15.116
14.946
16.582
21.151
19.853
17.372
16.751
16.469
15.228
15.172
15.285
15.116
15.792
15.172
15.172
15.285
15.172
16.131
15.736
15.398
15.003
15.059
16.920
15.172
15.849
15.059
15.059
16.695
15.116
15.003
15.849
15.849
16.469
16.300
15.059
14.946
16.695
21.151
14.721
16.695
17.936
15.341
14.834
16.469
16.356
16.582
17.202
17.766
14.890
17.259
15.172
16.526
14.495
17.146
19.177
20.248
16.187
15.849
15.003
17.710
14.439
15.059
18.782
14.890
14.890
16.131
15.059
15.454
16.638
17.090
14.777
18.782
15.398
15.228
15.116
17.259
17.146
15.567
17.202
15.228
14.890
16.131
16.187
16.526
20.812
17.033
15.680
15.905
17.033
16.695
17.259
15.680
15.172
15.736
16.244
15.905
15.172
15.003
15.398
17.259
17.033
15.059
15.510
21.094
16.582
17.146
15.116
16.920
20.587
15.792
15.172
16.864
20.925
17.033
17.146
17.202
16.582
15.228
20.925
19.571
17.033
15.736
16.920
17.202
15.285
20.079
14.608
17.146
15.792
16.469
17.259
17.146
15.736
14.946
17.315
17.484
17.090
15.736
15.962
15.285
16.695
17.541
15.285
16.131
17.202
16.526
16.356
16.187
16.187
16.469
16.638
15.454
16.638
15.454
15.172
16.469
16.300
15.510
18.161
17.202
17.202
17.541
16.018
17.090
16.074
18.838
16.695
16.977
17.090
17.090
17.992
15.962
18.443
16.018
16.356
15.567
17.710
15.736
16.131
14.777
15.962
15.792
15.962
16.469
18.105
16.582
16.526
15.398
16.244
15.285
15.285
18.161
16.018
15.454
15.736
17.202
16.131
16.526
17.372
16.695
17.823
16.695
16.582
15.341
16.413
15.228
15.228
16.582
16.582
16.638
16.131
16.074
17.879
16.638
17.992
15.228
17.202
15.285
15.567
16.751
18.105
16.695
16.638
18.161
18.161
16.638
16.638
17.090
16.582
16.695
16.638
15.510
16.469
18.161
19.684
16.356
16.582
20.812
16.582
20.925
17.372
16.638
17.597
16.751
17.936
17.823
20.925
20.756
18.049
20.135
18.556
16.695
17.146
20.023
17.823
17.146
17.090
19.853
17.315
16.638
17.654
17.428
16.582
19.966
17.090
16.356
16.582
21.489
16.864
16.582
20.925
17.033
15.341
17.146
15.510
16.977
15.849
17.936
17.090
17.879
15.905
16.695
19.515
19.571
20.135
14.946
18.387
16.469
17.033
19.910
16.526
18.049
17.259
18.161
17.484
20.023
17.090
19.346
19.289
18.331
17.033
16.413
16.808
16.977
21.263
17.090
17.146
19.289
16.864
17.090
21.771
19.684
18.218
19.910
16.074
17.090
16.808
16.864
16.526
16.920
15.736
20.023
17.315
17.033
17.033
17.146
16.808
17.090
18.556
17.090
17.315
17.146
17.033
17.090
17.090
17.259
16.526
15.962
17.146
16.413
17.202
17.090
16.131
17.259
17.372
17.315
17.428
16.244
18.161
19.741
16.356
17.259
15.567
17.372
19.571
20.023
18.443
17.033
17.597
17.315
18.049
20.248
15.510
17.484
17.146
15.680
17.315
17.033
17.541
16.638
17.090
17.146
17.484
17.202
17.090
17.259
17.315
21.038
16.864
16.977
17.202
17.033
15.454
19.515
17.823
17.090
19.628
20.981
18.331
17.372
17.033
17.146
20.756
17.315
21.320
21.094
18.443
16.526
17.259
17.033
18.387
17.033
16.187
17.146
17.315
21.038
21.094
16.808
17.146
17.710
16.413
17.259
16.977
19.515
18.331
17.033
17.315
17.541
19.515
17.259
17.823
19.910
17.372
17.146
17.033
20.135
20.135
17.372
16.920
17.146
17.710
21.094
18.218
17.202
17.315
17.315
17.033
17.372
16.244
19.402
17.146
16.864
20.417
16.920
18.951
17.372
17.090
18.049
17.259
17.823
17.146
15.623
16.808
18.161
15.510
17.202
18.556
17.315
17.202
17.146
17.259
16.977
17.202
17.315
17.654
17.315
18.274
17.090
17.146
18.613
17.484
17.315
17.259
17.372
17.202
17.428
16.864
15.116
16.413
17.090
17.428
17.202
18.556
16.977
17.992
17.259
17.654
17.428
16.977
17.823
20.587
18.669
18.105
18.105
17.146
18.500
17.090
16.526
15.510
17.372
17.146
15.905
19.459
17.428
17.597
17.033
16.469
16.920
17.090
19.628
17.992
17.823
17.597
17.202
17.259
20.135
18.218
17.879
17.766
17.541
16.469
17.259
17.992
17.146
18.725
15.341
17.484
16.751
17.710
17.936
18.669
16.751
17.541
18.613
18.049
17.202
18.443
17.090
17.597
17.654
17.372
17.992
17.597
16.413
19.402
17.541
17.992
16.808
16.808
17.202
17.146
17.090
17.315
17.202
16.582
17.597
15.736
16.526
16.582
17.202
17.710
16.977
17.654
17.372
17.597
20.643
17.428
18.782
17.992
17.597
16.638
16.582
17.654
17.823
17.090
17.090
17.202
15.905
16.469
17.992
17.484
17.428
16.244
16.751
16.526
16.751
16.864
17.090
17.090
18.274
17.202
17.372
17.033
16.808
17.654
16.526
17.090
15.398
16.413
16.977
21.658
17.090
16.244
16.526
17.541
17.597
14.664
17.202
17.146
17.202
15.285
16.131
15.341
17.710
16.977
17.090
17.372
16.808
17.766
17.541
16.413
16.244
14.946
17.484
17.090
16.131
16.695
16.356
16.526
17.541
15.905
15.905
16.131
16.638
15.116
15.849
15.623
17.090
16.300
17.541
17.315
16.300
15.116
17.259
15.849
15.510
17.090
16.582
17.033
17.372
16.356
16.187
16.977
15.003
16.808
19.289
16.977
16.638
15.228
16.187
16.244
16.244
16.469
16.074
15.228
17.372
16.695
19.515
16.356
16.638
17.372
16.526
15.962
17.259
16.187
16.469
19.966
17.597
17.033
17.033
16.695
15.962
21.207
17.654
16.638
16.300
15.905
21.263
16.413
15.849
15.962
16.695
16.582
17.372
16.638
17.484
16.695
15.341
16.244
17.315
16.469
16.751
18.218
16.695
16.808
17.202
16.977
17.090
16.638
17.372
21.545
16.582
16.187
18.049
18.161
15.680
15.962
16.695
16.695
15.962
16.751
16.638
15.962
16.356
15.003
16.977
15.228
16.695
19.459
15.059
16.187
16.638
16.187
14.608
17.259
17.202
16.074
17.484
16.638
14.777
17.146
16.469
16.920
16.018
15.059
18.218
16.582
16.131
16.582
18.218
15.285
16.638
14.382
19.346
14.721
14.382
15.228
16.413
18.049
16.638
17.090
16.356
14.382
16.526
16.469
16.526
14.439
16.695
18.161
20.474
14.495
14.326
16.582
17.992
14.946
14.890
14.777
15.454
16.582
14.834
14.721
16.244
14.382
17.372
15.398
15.228
17.146
14.777
16.018
17.090
15.341
15.059
14.552
18.218
16.864
18.105
15.172
17.259
21.207
15.003
14.777
19.233
17.428
14.834
15.228
14.890
17.372
16.920
14.382
17.710
15.116
14.382
18.105
14.664
14.326
14.834
17.992
18.049
14.664
14.777
18.218
14.326
14.777
14.382
16.018
17.146
14.495
15.454
17.597
17.992
14.495
17.710
17.936
16.638
14.664
14.834
14.890
14.721
16.582
15.849
14.721
15.736
15.003
17.484
15.003
14.270
14.890
15.285
15.059
14.664
14.890
15.905
16.131
14.439
20.925
15.792
14.608
14.495
15.228
15.285
17.710
16.469
16.131
14.890
19.628
16.695
15.059
16.300
15.228
14.777
14.326
14.890
15.398
14.495
15.285
16.131
14.608
14.044
17.202
14.777
15.454
15.116
14.664
15.736
15.398
15.003
15.003
15.905
14.382
14.326
15.003
14.326
15.172
16.920
17.372
13.762
21.602
17.992
15.116
14.834
15.680
15.228
13.931
13.480
18.161
15.567
16.638
16.977
14.890
14.552
15.680
14.777
14.946
14.608
16.751
17.710
15.116
14.270
14.552
14.326
17.541
15.228
16.187
15.116
14.946
14.326
15.116
16.187
17.259
14.664
15.003
17.428
15.059
14.439
20.812
14.664
20.925
15.510
15.285
14.382
14.890
14.946
15.228
15.510
17.259
14.270
16.638
18.838
18.725
14.382
17.259
14.552
15.849
15.059
14.721
15.567
16.244
15.059
14.890
14.495
14.270
14.382
17.766
17.259
16.695
15.962
15.116
16.356
15.172
14.382
14.664
14.664
15.172
14.326
17.823
17.259
14.946
15.228
14.608
14.890
17.259
15.116
14.946
15.341
14.552
14.946
15.962
15.003
18.049
15.059
14.439
15.285
17.879
14.946
21.489
18.500
14.552
15.285
16.582
14.439
14.721
17.654
15.962
17.033
15.003
15.567
14.946
15.849
14.890
15.680
15.172
17.597
17.315
16.413
15.116
15.905
15.228
16.187
15.398
15.398
16.131
14.439
14.495
15.341
18.049
17.541
17.484
16.526
16.187
16.751
15.849
15.905
15.567
17.202
15.285
15.680
15.736
15.792
17.315
15.680
21.038
15.510
15.567
14.721
15.172
16.131
15.680
15.454
15.116
16.074
15.792
15.398
15.116
15.341
15.285
16.244
15.736
15.680
15.680
15.792
15.285
14.834
15.792
14.890
16.074
15.454
14.834
16.131
15.341
15.849
21.658
16.131
15.623
15.454
16.018
16.300
15.736
15.398
15.680
16.244
15.623
15.285
16.244
16.074
17.428
15.285
21.320
16.300
16.244
15.228
15.398
16.018
17.428
17.484
15.454
16.018
18.161
16.300
15.567
15.736
15.116
16.244
16.244
15.792
18.218
16.469
15.398
16.187
16.131
15.059
16.187
19.289
18.782
15.567
15.849
15.059
16.074
16.582
15.849
15.623
15.962
17.766
17.428
15.228
16.187
16.074
16.300
16.638
14.664
15.285
16.131
15.905
15.905
15.285
18.951
16.074
19.515
19.515
18.443
16.244
15.454
14.890
15.905
15.623
15.962
16.920
15.623
15.567
16.356
16.244
19.515
15.905
16.131
16.413
16.018
16.187
15.510
17.879
20.699
15.567
15.849
14.890
20.361
16.808
15.962
15.736
15.680
16.018
16.244
20.812
16.356
15.285
20.417
21.151
16.131
21.320
15.285
15.398
15.454
16.131
16.300
15.905
16.356
17.992
16.187
16.074
15.341
15.172
16.244
20.361
16.413
19.120
19.177
16.131
16.469
16.074
17.202
15.792
16.131
15.962
15.059
17.315
15.567
15.849
15.341
15.341
15.623
14.890
15.003
16.469
21.489
15.567
15.228
15.736
20.135
15.398
15.962
14.664
19.571
16.244
15.510
15.567
15.792
16.244
16.074
15.905
15.623
15.905
15.341
15.849
16.074
15.116
15.172
15.962
15.003
16.074
15.116
14.946
15.510
15.736
15.792
16.244
19.684
15.454
16.244
19.910
15.792
15.736
16.018
15.059
15.398
15.454
16.131
15.510
15.398
15.116
15.736
15.510
15.792
19.346
15.116
17.202
16.018
15.059
15.680
19.064
17.259
15.341
15.736
16.074
15.792
15.454
17.484
17.710
15.454
15.792
15.736
15.398
15.398
15.736
20.135
15.962
15.736
17.090
16.638
16.244
21.263
15.623
15.510
15.398
21.433
16.187
15.172
15.623
15.510
21.433
14.664
15.792
15.398
19.289
15.510
20.530
15.567
17.428
21.094
15.736
15.680
15.849
15.849
14.890
14.664
15.510
19.797
15.623
20.699
20.135
16.187
19.853
17.372
20.587
15.849
19.741
15.905
15.116
14.946
17.259
20.530
20.643
15.341
15.003
15.228
14.946
14.946
15.172
19.797
20.869
14.946
15.962
15.454
16.018
15.285
15.285
15.341
15.736
15.510
16.695
15.398
15.736
15.228
15.567
17.823
15.623
16.074
15.398
14.382
15.849
15.341
20.643
15.285
16.131
17.428
14.946
15.003
15.680
15.567
15.567
15.792
21.602
15.341
15.792
15.003
15.341
18.161
16.074
15.341
15.398
15.849
15.172
15.285
15.736
15.792
14.552
15.341
15.003
15.228
15.341
14.608
15.905
16.413
14.664
15.454
15.849
15.510
15.341
15.341
14.608
15.962
16.244
16.582
15.567
16.074
15.116
16.131
21.151
14.552
14.834
15.003
15.172
15.228
20.812
15.905
15.792
16.018
14.946
15.792
19.459
15.680
16.300
16.018
16.808
14.721
16.413
15.510
15.454
15.849
15.059
14.946
15.736
14.890
16.131
15.962
14.552
15.623
16.977
16.074
15.736
15.623
16.300
16.187
15.623
16.074
15.172
16.244
16.187
15.003
15.962
17.936
16.300
17.372
15.567
16.018
16.074
16.131
17.428
16.187
16.131
15.962
16.018
14.890
16.413
16.413
14.100
20.530
16.244
16.187
15.905
16.018
15.962
15.905
16.131
21.376
16.977
16.413
16.018
15.962
16.413
16.018
15.003
18.613
16.300
15.623
16.300
16.187
15.849
14.946
15.172
16.695
17.766
15.003
15.736
15.059
15.905
16.413
14.777
16.300
16.582
15.454
15.849
16.074
15.905
16.582
15.567
16.074
16.638
16.131
15.172
15.567
16.187
15.398
16.131
16.356
15.567
16.413
16.582
15.116
15.228
16.018
16.074
15.905
14.834
15.849
16.244
16.244
15.962
16.356
16.526
18.895
16.413
16.018
16.131
15.454
20.981
14.890
15.849
15.398
16.469
15.962
16.582
15.228
16.074
17.259
16.413
15.003
17.372
15.736
20.474
14.946
15.962
16.638
16.526
16.300
16.413
16.244
16.131
15.905
15.341
15.003
16.300
14.946
15.228
15.341
15.398
16.187
15.736
15.736
14.834
16.582
16.018
16.131
14.946
16.469
15.680
16.300
15.454
15.398
14.946
16.074
14.721
14.834
16.300
16.582
16.244
17.146
16.018
16.638
14.270
16.187
14.777
16.131
15.905
14.552
18.669
16.131
16.131
15.228
19.741
15.510
15.116
16.751
15.905
14.890
15.680
15.849
15.341
16.074
14.100
15.454
14.664
15.454
15.849
16.300
15.962
14.552
15.172
14.834
15.285
15.905
15.341
15.905
13.818
19.289
15.510
15.059
16.074
14.270
15.962
15.228
14.326
13.875
15.510
13.931
14.946
14.834
14.213
14.270
17.033
15.341
14.382
14.044
14.495
13.875
14.777
14.721
14.608
14.890
18.500
14.664
19.064
14.777
15.623
13.988
15.398
15.680
15.680
15.059
15.849
14.382
14.552
14.890
15.398
15.680
15.116
15.341
14.608
16.244
14.890
15.398
15.059
15.059
14.777
14.552
15.623
14.777
14.608
14.664
15.792
15.398
15.228
15.792
20.248
15.792
15.623
19.459
16.808
19.177
16.187
14.890
15.059
14.100
15.905
15.341
13.988
14.100
14.439
14.157
15.454
14.157
14.044
14.270
15.116
13.875
14.890
15.962
15.792
15.172
14.890
14.664
13.875
14.157
16.074
15.172
15.510
13.931
13.649
14.044
14.552
14.552
14.213
14.213
14.044
14.721
13.762
16.695
13.931
13.424
14.664
13.875
13.649
14.100
14.044
13.931
13.875
14.270
13.988
13.875
13.706
14.552
15.454
14.890
17.879
14.157
15.116
13.931
15.116
13.988
17.823
15.849
13.818
18.951
14.157
15.792
15.736
13.649
15.736
13.931
21.489
14.044
14.777
13.988
14.439
16.638
13.818
14.044
14.326
15.736
17.710
15.567
13.988
18.274
15.510
13.988
14.100
18.274
15.341
14.213
15.680
13.875
19.966
14.439
14.608
14.664
15.454
13.988
14.608
14.664
14.608
14.608
17.710
14.946
13.593
14.270
16.131
14.608
14.213
14.157
13.593
14.270
15.454
14.552
14.552
14.721
14.608
14.890
14.608
15.454
15.736
15.116
15.680
15.059
15.792
17.992
15.398
15.567
16.131
15.623
14.044
14.157
14.382
14.890
15.962
15.341
13.875
17.541
19.628
18.274
13.931
16.920
14.890
15.285
14.946
14.100
13.762
15.059
14.157
13.818
14.721
16.413
14.213
13.931
15.510
16.864
17.597
15.003
