20.981
20.981
20.981
20.981
20.981
20.981
20.869
21.038
20.981
20.925
20.925
20.981
20.925
20.925
20.925
20.869
20.925
20.981
20.925
20.981
20.812
20.869
21.489
20.812
20.812
20.812
20.812
20.812
20.812
20.756
20.812
20.812
20.812
20.812
20.812
21.489
20.756
20.756
20.699
20.699
20.699
20.699
20.699
20.699
20.699
20.699
20.756
20.756
20.756
20.756
20.812
20.756
20.756
20.756
20.699
20.756
20.756
20.643
21.545
20.756
20.756
20.756
20.756
20.756
20.812
20.756
20.756
20.756
21.094
20.756
20.756
20.361
20.305
20.361
20.361
20.361
20.981
20.981
20.981
20.981
20.981
20.925
21.151
20.474
20.925
20.192
20.925
20.925
20.812
21.038
21.038
21.094
21.038
21.320
21.038
21.038
21.038
21.376
21.038
21.038
21.038
21.038
21.433
21.038
21.038
21.038
21.038
21.038
20.925
21.038
21.038
21.038
21.038
21.038
21.038
21.038
21.038
21.038
21.038
21.151
20.812
21.038
21.038
21.038
21.263
20.869
21.038
21.038
21.715
21.715
21.827
21.715
21.715
21.207
20.981
20.981
21.094
21.151
21.094
20.530
21.038
20.981
20.530
20.474
20.587
20.587
20.643
20.587
20.474
20.361
20.474
20.474
20.417
20.417
20.474
20.417
20.361
20.361
20.587
21.038
20.361
19.177
19.177
19.177
19.177
19.177
20.361
18.838
18.782
18.782
19.064
19.177
18.500
18.556
18.556
18.556
18.556
18.556
18.613
18.613
18.556
18.443
21.263
18.556
19.064
20.812
18.613
18.556
18.556
18.613
18.613
18.669
18.838
18.951
18.951
18.951
19.007
19.233
18.725
18.725
18.838
18.725
18.725
18.895
18.782
19.007
18.895
18.443
18.895
18.895
19.120
18.951
19.007
21.376
18.838
18.274
19.007
18.838
19.684
18.951
18.669
18.838
20.361
18.895
18.838
18.951
18.895
18.838
18.838
18.782
18.838
18.782
18.782
18.218
17.879
17.879
17.823
17.936
17.823
17.823
17.823
17.879
17.823
17.823
18.331
17.936
18.387
18.443
18.443
18.443
18.556
18.443
18.443
18.443
18.331
18.556
18.443
18.443
20.530
18.443
18.500
18.443
18.443
18.443
18.387
18.443
18.443
18.443
18.443
18.500
21.545
18.500
18.500
17.541
17.541
16.018
19.853
16.074
16.187
15.792
15.849
16.526
16.526
16.582
16.751
16.244
16.300
16.413
16.300
16.300
16.300
16.300
16.469
16.526
16.300
16.300
16.356
16.300
16.582
17.597
17.202
17.202
16.300
17.428
16.300
16.131
16.187
21.094
15.962
15.962
15.962
15.962
21.489
15.962
15.962
17.259
15.962
16.018
15.849
15.849
18.725
15.849
15.849
15.792
15.849
17.033
15.792
15.849
16.356
15.792
18.725
15.792
15.792
17.428
15.792
15.792
15.962
15.623
15.172
15.623
15.623
15.623
15.623
21.489
15.623
15.623
15.623
15.623
21.263
15.680
15.623
15.228
15.623
15.623
18.443
15.567
15.567
15.567
15.567
15.510
15.398
15.398
17.090
21.489
16.300
16.300
16.469
16.977
16.413
17.710
16.413
16.413
18.105
19.402
16.131
16.131
15.905
15.905
15.905
15.510
15.962
15.962
15.962
14.890
16.074
14.946
15.003
15.116
14.946
14.946
15.849
19.910
14.946
14.946
14.890
15.059
14.890
14.946
15.510
16.244
21.489
15.510
14.495
15.510
15.510
15.510
14.946
15.285
15.510
15.454
15.454
14.552
15.792
14.664
17.202
14.552
14.552
14.552
14.552
20.981
14.495
14.664
15.623
15.172
14.552
14.608
14.890
14.664
14.777
14.890
14.721
14.777
14.777
14.777
14.777
14.777
21.489
14.608
14.777
14.608
14.608
14.608
20.756
14.608
16.469
14.608
14.608
14.890
14.608
14.946
14.608
14.608
14.608
14.608
14.608
14.608
14.834
15.116
14.834
14.834
14.890
15.116
14.834
14.834
14.834
14.834
18.274
14.834
15.003
14.270
14.270
14.270
14.270
14.044
14.100
14.044
14.044
14.044
14.100
14.100
14.157
14.157
14.157
14.157
14.157
13.988
14.157
14.213
13.649
14.157
14.213
14.270
14.270
14.270
14.213
20.530
14.157
14.439
13.931
14.270
14.270
14.213
14.270
14.213
14.270
14.157
14.157
14.157
14.157
14.213
14.157
14.157
14.100
14.157
14.157
14.157
14.157
14.157
14.157
14.157
14.157
15.172
14.157
14.157
14.157
14.100
14.100
14.100
14.100
14.100
14.100
14.100
15.849
14.157
14.100
14.100
14.100
14.100
21.658
14.100
14.157
14.100
14.100
14.100
14.100
14.100
14.100
14.100
13.988
13.988
13.988
13.875
13.875
13.875
14.213
13.480
13.875
13.931
13.818
13.762
14.777
13.875
13.875
13.875
13.875
14.213
13.875
13.875
13.875
14.890
13.818
13.818
13.875
13.875
13.875
14.100
13.762
13.762
13.762
13.762
13.818
13.762
13.762
13.762
13.818
13.198
13.931
13.649
13.762
13.649
13.649
13.649
13.649
13.649
13.649
13.480
13.424
13.480
13.480
13.480
13.480
13.480
13.480
13.536
13.762
13.762
13.762
13.762
13.762
13.762
13.762
13.818
13.762
13.762
13.762
13.762
13.762
13.762
17.428
13.706
13.706
13.536
13.706
13.706
13.254
13.706
13.706
13.480
13.706
13.480
13.706
13.706
13.706
13.254
14.495
13.706
13.706
13.706
13.706
13.818
13.762
13.706
13.706
13.706
13.818
13.706
13.706
13.762
13.706
13.593
13.762
13.762
13.762
13.762
13.762
13.762
13.762
13.818
13.875
13.762
16.469
13.762
13.762
13.762
15.962
15.962
13.818
13.762
13.875
13.875
13.875
15.792
13.818
13.818
13.818
13.818
13.706
13.762
13.198
13.198
13.254
13.198
12.860
13.254
13.198
13.254
13.254
13.198
13.198
13.198
13.085
13.311
13.424
13.311
13.311
13.311
13.142
13.254
13.198
13.142
13.142
13.706
13.706
13.706
13.706
13.875
13.762
13.762
13.424
13.706
13.706
13.706
13.818
13.818
13.762
13.818
13.818
13.818
13.818
14.044
13.818
13.818
13.818
13.818
14.157
13.706
13.536
13.706
13.706
13.762
13.762
13.706
13.367
13.367
13.424
13.367
13.424
14.890
13.367
13.367
13.367
13.424
13.367
13.367
13.367
13.367
13.311
14.608
13.311
13.311
13.311
13.311
13.311
13.311
13.311
13.311
13.311
13.311
13.424
13.311
13.311
13.424
13.480
13.649
13.424
13.254
13.424
13.480
13.424
13.311
13.311
13.593
13.875
13.311
13.424
13.311
13.480
13.593
14.552
14.495
21.489
14.382
14.044
13.931
14.044
13.988
13.931
14.100
14.044
14.100
13.818
13.875
14.100
14.270
13.931
13.085
13.085
13.142
13.480
14.608
15.623
21.151
13.480
13.480
13.480
13.480
13.480
13.480
13.254
13.875
13.254
16.300
13.254
13.536
13.254
13.254
13.198
13.198
13.198
13.142
13.085
13.142
12.972
14.552
17.766
13.142
13.254
13.254
13.142
13.649
13.142
13.029
13.029
13.029
13.085
13.706
13.085
13.142
12.916
13.142
13.254
15.680
13.254
13.311
13.424
13.311
13.311
13.311
13.480
13.480
13.198
16.695
13.424
13.593
13.593
13.593
13.536
13.536
13.424
13.536
13.424
13.818
13.988
13.424
12.465
13.367
13.480
13.367
13.367
14.946
15.116
14.946
15.116
15.003
14.946
15.003
14.946
15.003
14.946
14.439
14.439
14.439
14.439
14.439
14.382
14.439
14.326
14.382
14.044
13.875
13.931
13.875
13.931
13.875
13.931
13.988
14.100
13.988
14.834
14.044
14.044
14.044
14.044
14.044
14.157
14.100
13.254
13.311
13.311
13.311
13.254
13.480
13.254
13.480
13.480
13.254
13.480
13.142
13.367
13.142
15.285
13.367
13.367
13.311
13.311
12.972
13.311
12.972
12.972
13.762
13.085
12.972
12.972
13.311
13.311
13.367
13.254
13.367
13.649
13.706
13.706
13.706
13.649
13.085
13.649
13.706
13.762
13.536
13.706
13.706
13.706
13.706
13.706
12.578
14.157
13.649
13.649
13.706
13.706
13.649
13.706
13.706
13.311
13.706
13.480
13.480
13.649
13.424
13.311
13.424
15.059
13.424
13.424
13.480
13.593
13.480
13.480
13.480
13.254
13.480
13.706
14.382
13.480
13.480
13.424
14.721
13.480
13.480
13.480
13.367
13.536
13.593
13.762
13.762
13.536
13.536
13.480
13.593
13.593
13.536
13.593
13.536
13.367
13.142
13.367
13.536
14.157
13.480
14.157
14.157
14.157
14.157
14.157
15.736
14.157
14.044
13.988
14.044
14.044
14.100
14.044
14.213
14.157
14.157
14.157
14.157
14.044
13.988
13.988
13.988
14.044
13.988
13.988
14.044
13.988
14.100
14.100
13.988
13.988
14.100
13.988
13.988
13.875
13.988
13.593
14.044
14.044
14.044
13.931
14.044
14.044
14.044
14.044
13.988
13.988
13.988
14.100
13.988
13.988
13.988
13.875
13.931
13.931
13.988
13.931
13.988
13.988
13.988
13.875
13.818
13.931
13.931
13.931
13.931
13.931
13.875
13.875
14.044
13.988
13.536
13.649
13.536
13.480
13.536
13.536
14.044
13.311
13.142
13.649
13.424
15.341
13.424
13.424
13.424
13.762
13.424
13.424
13.311
13.480
13.424
13.311
13.875
13.367
13.311
13.311
14.044
14.946
17.879
13.311
13.311
13.311
13.311
13.311
13.311
13.311
12.521
13.367
13.367
13.424
13.311
13.311
13.311
13.649
13.029
13.254
13.311
13.311
13.367
13.536
13.367
13.254
13.367
13.311
13.311
13.367
13.367
13.311
13.311
13.254
13.254
13.311
13.311
13.254
13.424
13.311
13.593
13.424
13.424
13.311
13.254
13.311
13.311
13.254
13.198
13.254
13.254
13.198
13.198
13.254
13.762
13.254
13.254
13.254
13.649
13.254
13.254
13.198
13.198
15.623
12.972
13.029
12.803
12.972
13.142
13.029
13.029
12.916
12.916
12.916
12.916
13.254
12.972
13.198
12.972
12.860
12.860
12.521
12.916
12.916
12.916
12.972
12.916
12.972
12.972
12.972
12.972
13.254
12.634
12.972
12.916
13.706
12.803
12.916
12.972
12.916
12.972
12.972
12.803
12.916
12.747
12.972
12.860
12.634
12.690
12.747
12.634
13.029
12.634
12.860
12.690
12.634
12.634
12.634
12.747
12.578
12.747
12.747
12.747
12.747
12.803
12.690
12.747
12.690
12.690
12.634
12.634
12.578
12.239
12.578
13.762
12.465
12.747
13.029
12.747
12.690
11.732
12.578
12.634
12.690
12.578
13.029
12.634
12.690
12.521
12.690
12.690
12.690
12.690
12.690
12.239
12.296
12.014
12.465
12.014
12.014
12.014
12.183
12.183
12.183
12.183
12.239
12.183
12.239
12.014
12.014
12.747
14.213
12.014
12.014
12.014
12.014
12.239
12.126
11.901
11.901
12.183
12.352
12.126
12.183
11.506
12.070
12.239
16.582
12.126
12.070
12.070
12.296
12.070
12.126
12.126
12.126
12.014
12.183
12.014
12.014
12.070
12.014
12.014
12.014
12.014
14.100
12.183
12.126
12.126
13.311
12.126
12.126
12.126
12.126
11.844
12.126
12.352
12.126
12.070
12.070
12.239
12.070
16.526
12.126
12.803
11.957
11.844
12.183
12.070
12.239
11.844
11.844
11.788
11.788
11.732
11.901
11.901
11.901
11.675
11.675
11.675
11.619
11.619
11.619
11.957
11.619
11.619
11.619
11.619
11.506
11.619
11.957
11.957
11.788
11.957
12.014
11.957
11.957
11.957
11.957
11.901
11.901
11.844
11.901
11.901
11.901
11.901
11.901
11.901
11.844
11.957
11.957
11.957
11.957
11.957
11.619
11.957
11.957
11.957
12.183
11.957
11.844
11.957
11.957
11.901
11.901
11.957
11.901
11.901
11.844
11.732
11.901
11.844
11.844
11.901
11.844
11.788
11.901
11.901
11.901
11.901
11.901
11.901
11.562
11.562
11.393
11.393
11.506
12.070
11.506
11.506
11.506
11.675
11.675
11.732
11.732
11.788
11.732
11.675
11.844
11.562
11.506
12.690
11.506
11.675
11.675
11.844
11.675
11.675
11.506
11.506
11.562
11.619
11.393
11.901
15.680
11.393
11.393
11.450
11.450
11.506
11.506
11.450
11.393
11.393
11.224
11.562
11.393
11.562
11.506
11.393
11.280
11.280
11.901
11.280
11.280
11.280
11.280
11.280
11.224
11.280
11.111
11.280
11.224
11.224
11.280
11.224
11.224
11.337
11.393
11.280
11.337
11.280
15.905
11.168
11.280
11.280
11.280
11.224
11.224
11.224
11.224
13.762
11.506
11.224
11.280
11.224
11.280
11.280
11.280
11.280
11.337
11.055
11.337
10.321
10.321
10.321
10.321
10.321
10.378
10.265
10.321
10.321
15.454
10.321
10.152
10.265
10.209
12.296
10.321
10.434
9.927
10.321
10.434
10.491
10.491
10.491
10.491
10.491
10.547
10.434
9.983
10.547
10.434
12.634
9.870
12.578
10.603
10.547
10.773
10.716
10.716
10.716
10.716
10.773
11.280
10.773
10.886
10.829
10.773
11.055
10.773
10.660
10.829
11.280
10.829
11.901
11.055
10.716
10.716
10.773
10.716
10.716
11.506
10.886
10.716
10.716
16.356
10.773
10.773
10.716
10.716
10.716
10.886
10.716
10.716
15.285
10.773
10.716
10.773
10.773
12.408
10.716
10.716
10.773
10.773
10.773
10.716
10.716
10.716
10.716
10.716
10.886
10.660
10.603
10.603
10.660
10.378
10.660
11.506
10.660
10.660
10.603
17.936
10.603
10.547
10.716
15.172
10.491
10.547
10.547
10.547
10.547
10.547
10.603
10.039
10.603
10.716
10.998
10.773
10.773
10.716
10.716
10.716
10.660
10.660
10.660
10.773
10.096
10.660
10.660
10.660
10.660
10.660
10.660
10.660
10.660
10.660
12.803
10.829
10.829
10.773
10.773
12.352
10.660
10.660
12.690
10.660
12.747
10.660
10.660
10.491
10.434
10.716
8.968
10.152
10.152
10.152
9.927
9.927
9.927
9.927
10.603
9.870
9.927
9.983
9.870
9.983
9.870
9.927
12.465
9.814
9.870
9.701
11.168
9.814
9.701
9.701
9.757
9.701
9.701
11.450
9.419
9.701
9.701
9.701
9.927
10.886
9.701
9.983
9.983
9.983
9.983
9.870
9.983
10.096
9.983
9.983
10.039
9.927
9.870
9.983
10.265
9.757
10.039
9.983
9.983
9.927
9.927
10.547
9.927
9.419
9.419
9.419
9.757
9.419
9.419
9.419
13.988
9.419
12.690
9.475
9.081
9.475
9.250
9.250
9.137
10.265
9.250
9.250
9.250
9.475
9.250
9.306
9.193
9.081
9.081
9.081
9.081
9.081
9.081
8.968
9.024
9.137
9.024
9.137
9.081
9.137
9.137
9.193
9.137
9.137
9.137
9.137
9.137
9.137
9.081
9.137
9.588
9.081
9.306
9.137
9.137
9.081
9.137
9.137
9.137
9.137
9.137
9.137
9.137
9.137
8.911
9.081
9.081
8.968
8.968
8.968
8.911
8.968
9.193
8.968
8.968
9.081
9.081
8.573
9.081
9.081
9.081
9.081
9.081
9.193
9.137
9.137
9.137
9.137
9.137
9.137
9.081
9.137
9.137
9.137
9.024
10.942
9.306
9.081
9.081
9.081
9.137
9.081
9.024
9.081
9.024
9.024
9.024
9.024
9.024
8.855
9.024
9.024
8.968
9.024
9.081
9.024
9.081
9.024
8.799
9.081
9.081
9.081
9.193
9.081
9.081
8.968
9.363
9.081
9.137
9.588
9.475
9.081
8.742
9.081
9.024
9.024
8.968
9.024
8.911
9.024
9.137
9.137
9.137
9.024
9.024
9.024
11.901
8.968
8.968
10.209
9.137
8.968
9.081
9.193
8.968
9.193
8.968
8.968
9.024
8.968
8.911
8.968
9.024
8.968
9.024
9.024
9.024
9.306
8.799
8.968
9.024
9.081
9.081
8.799
9.081
9.081
9.024
9.081
9.024
9.137
9.081
8.911
9.081
8.968
9.081
9.137
9.081
9.081
8.968
8.968
8.629
9.306
9.193
8.968
9.081
8.855
8.855
9.081
9.306
9.024
8.911
8.911
9.024
8.911
10.434
8.968
8.855
8.799
8.855
8.629
8.799
10.152
8.742
8.742
8.742
8.855
8.742
8.742
8.799
8.686
8.855
8.855
8.855
8.855
8.855
8.911
10.434
8.855
8.855
8.855
8.855
8.855
8.742
8.799
8.742
8.799
8.799
9.927
8.686
8.686
9.306
8.629
8.629
8.573
8.517
8.517
8.855
8.517
8.573
8.517
9.193
8.629
8.517
8.517
8.629
8.629
8.686
8.686
8.686
8.686
8.686
8.460
8.686
9.193
8.629
10.773
8.686
8.573
8.742
8.742
8.742
8.742
9.193
8.799
8.799
8.799
8.799
8.799
10.491
11.562
8.855
8.742
10.321
8.855
8.742
8.855
8.855
8.742
8.855
8.686
8.573
8.855
8.799
8.855
8.799
8.742
8.911
8.686
8.686
8.799
8.799
8.855
8.629
8.742
8.855
8.799
8.911
8.799
8.742
8.742
8.742
8.742
8.799
8.573
8.742
8.742
9.870
8.742
8.742
8.742
8.742
8.799
8.799
8.911
8.742
8.404
8.742
8.799
8.742
8.629
8.629
8.742
8.742
8.742
8.742
8.742
8.742
10.209
8.686
8.686
8.686
8.686
11.675
8.686
8.460
8.629
8.686
8.686
8.629
8.629
8.686
8.686
8.686
8.629
8.629
8.629
8.686
8.629
8.968
8.686
8.573
8.686
8.573
8.517
8.573
8.404
8.573
8.629
8.291
8.573
8.573
8.517
8.573
8.573
8.460
8.460
8.686
8.686
8.686
8.686
8.517
8.517
8.517
8.460
8.629
8.629
8.629
8.799
8.686
8.686
8.573
8.460
8.404
8.404
8.460
8.460
8.460
8.404
8.517
8.404
8.404
8.573
8.291
8.347
8.404
8.347
8.291
8.347
8.291
8.347
8.291
8.291
8.291
9.137
8.291
8.291
8.291
8.291
8.404
8.404
8.291
8.291
10.660
8.347
8.291
8.855
8.347
8.291
8.291
8.347
8.178
8.178
8.178
8.178
8.178
8.065
8.065
8.178
8.404
8.178
8.178
9.193
8.178
8.178
8.122
8.122
8.178
8.404
8.122
8.178
8.178
8.235
8.065
8.178
8.291
8.122
8.122
8.122
8.122
8.178
7.614
8.178
8.178
8.009
8.855
9.814
8.178
10.547
8.178
8.460
8.178
8.178
8.235
8.065
8.347
8.235
8.235
8.291
7.953
8.235
8.235
8.291
10.942
8.178
8.235
9.475
8.235
8.235
7.896
7.896
11.055
7.896
7.896
7.896
7.783
7.896
7.896
7.896
7.953
7.953
7.896
7.896
7.783
7.840
8.065
8.009
8.065
8.178
7.953
8.178
8.178
8.178
8.460
8.065
8.065
8.065
8.065
8.178
7.953
7.953
8.065
8.065
8.009
8.065
8.178
8.460
8.291
8.065
8.065
8.009
8.122
8.065
8.178
8.065
7.840
8.009
8.009
8.065
8.065
8.065
8.178
8.122
8.065
8.009
8.460
8.235
8.122
8.178
8.009
9.137
8.178
8.122
8.122
8.122
8.122
8.122
7.896
7.896
7.840
7.896
8.009
7.953
7.840
7.783
7.389
10.491
7.389
7.501
11.337
7.558
8.460
8.009
7.501
7.558
7.614
7.671
7.614
7.389
7.614
8.291
7.671
7.558
7.445
7.445
7.445
7.276
7.276
7.727
7.727
7.501
7.445
8.347
8.517
8.517
8.517
8.517
8.517
8.517
9.306
8.517
8.517
8.517
8.629
15.341
8.573
8.517
8.573
8.573
8.686
8.347
8.291
8.347
8.517
8.347
8.855
8.122
8.122
8.122
8.122
8.178
8.291
8.122
8.122
7.953
13.254
7.953
7.953
8.404
9.757
8.009
8.065
8.291
7.953
7.953
8.065
7.953
8.009
7.953
8.065
7.953
7.953
8.009
7.953
9.363
8.009
8.009
8.009
7.953
8.009
8.009
8.009
8.178
8.009
8.009
8.291
8.009
8.122
8.065
8.122
8.122
8.065
8.178
8.065
8.742
8.686
8.065
8.009
12.578
8.009
8.009
8.009
8.122
8.009
9.870
8.291
8.009
7.896
11.562
7.953
7.953
10.096
7.953
7.840
7.953
8.235
9.024
8.009
8.009
8.065
8.065
7.953
7.896
8.065
8.291
8.065
8.291
8.178
8.291
8.629
8.235
8.291
8.065
8.065
8.065
8.573
9.814
8.629
8.629
8.573
11.224
8.573
8.404
8.517
8.347
8.517
8.347
8.460
8.460
8.742
8.347
8.460
8.517
8.291
8.460
8.178
8.178
8.629
8.235
8.178
8.235
8.235
8.178
8.235
9.645
8.235
8.235
8.235
8.235
8.122
7.840
8.235
8.235
8.235
10.603
8.291
8.065
8.122
8.178
8.122
8.065
8.065
11.619
8.122
8.065
8.065
8.065
8.009
8.065
8.009
8.009
8.009
8.009
8.009
8.009
8.291
8.065
8.629
8.686
8.291
13.536
8.235
8.460
8.235
8.235
7.727
8.347
9.363
8.235
8.235
8.911
8.573
8.178
8.573
8.573
8.178
8.742
8.517
8.517
8.347
8.178
8.573
8.235
8.065
8.235
8.460
8.347
8.629
8.291
8.460
8.235
8.235
8.347
8.347
9.814
8.404
8.178
10.378
8.122
8.347
10.265
8.404
8.291
8.347
8.347
8.291
8.235
8.235
8.235
8.573
8.347
16.413
8.573
8.291
8.291
8.291
8.291
10.209
8.517
8.235
8.291
8.291
8.347
8.178
8.122
8.122
8.291
8.122
8.122
8.573
8.122
8.122
8.291
8.460
8.347
8.573
8.291
8.291
8.291
8.178
8.347
8.347
8.517
9.363
8.404
8.460
8.235
8.347
8.347
8.347
9.419
8.291
8.291
8.122
8.291
8.235
8.291
8.291
8.065
8.065
8.065
8.009
8.009
8.065
8.009
7.727
9.250
7.558
7.727
7.501
7.501
7.445
7.445
7.614
8.517
7.445
7.445
7.671
7.445
7.558
7.558
7.501
7.840
7.501
7.614
7.671
7.671
7.671
7.671
7.671
7.671
7.671
7.727
7.671
7.671
7.671
7.671
7.671
8.347
14.946
7.614
7.614
7.840
7.671
7.558
7.671
7.671
9.701
7.896
7.671
15.849
7.671
7.445
6.881
7.727
9.757
7.671
7.671
7.614
7.671
7.671
7.953
7.614
7.671
8.968
7.671
7.671
7.614
7.727
8.460
9.475
7.671
7.727
8.178
7.671
7.671
7.614
7.614
7.614
7.614
7.614
7.276
7.896
7.614
7.558
7.501
7.614
7.783
7.614
8.799
7.558
7.501
8.291
7.558
7.671
7.558
7.558
7.501
7.558
7.107
7.501
7.389
7.558
7.501
7.558
7.501
7.445
7.445
7.501
7.389
7.445
7.389
7.445
7.389
7.389
7.389
7.389
7.389
7.389
7.445
7.445
7.332
7.445
7.276
7.276
7.558
8.009
7.276
7.276
7.332
7.332
7.332
9.532
7.276
7.276
7.276
7.332
9.588
7.671
7.219
9.588
7.332
7.276
8.178
7.389
7.389
7.445
7.558
7.501
7.332
7.445
7.332
7.445
7.445
7.445
7.445
7.614
7.332
7.332
7.332
7.332
7.332
7.276
7.389
7.614
8.009
7.614
7.671
7.501
7.727
7.614
7.614
7.614
9.363
7.671
7.727
7.614
7.614
7.276
7.332
7.501
7.727
7.501
7.445
7.501
7.501
7.501
7.501
7.501
7.389
7.389
7.671
7.332
9.193
7.389
7.276
7.389
7.276
7.332
7.163
7.389
7.445
7.276
7.219
7.276
7.445
7.614
7.614
7.614
7.445
7.332
7.276
7.276
7.107
7.107
7.107
8.122
7.050
7.163
7.050
7.107
7.501
7.107
7.614
7.107
8.009
7.107
7.107
7.107
7.107
7.219
7.219
7.163
7.163
7.783
7.276
8.291
7.332
7.332
7.050
7.163
7.332
7.107
7.671
7.050
7.050
7.107
7.107
7.107
7.107
6.994
6.712
7.727
6.712
6.712
6.712
6.768
6.712
6.712
6.655
6.712
6.712
7.445
6.712
6.712
6.712
6.712
6.712
6.994
6.712
6.712
6.712
6.825
6.712
6.825
7.332
6.712
6.994
13.085
6.712
6.712
6.712
6.655
6.655
6.881
6.881
7.219
6.825
6.825
6.825
6.768
6.825
6.768
6.768
6.825
6.825
8.742
7.107
6.937
7.332
6.712
6.825
6.825
6.825
6.825
6.768
6.768
6.768
6.768
6.937
6.768
6.768
6.937
6.768
12.296
7.050
8.009
6.768
6.994
6.768
6.768
6.768
7.163
8.460
6.768
6.768
6.825
6.768
6.937
6.994
6.712
7.163
9.024
7.389
6.768
7.332
7.332
7.332
7.332
7.219
7.107
11.111
7.163
7.219
7.219
7.219
7.332
7.671
7.389
7.219
7.219
7.107
7.163
7.163
7.163
7.107
7.163
7.163
7.501
7.163
7.163
7.163
6.937
7.163
7.107
7.050
7.219
7.050
6.937
6.937
7.107
7.050
7.050
7.050
7.050
7.050
7.050
6.825
7.558
7.050
7.050
9.701
7.558
6.994
7.445
7.276
7.107
6.825
7.727
6.825
10.773
6.994
6.825
6.825
7.163
9.193
7.163
6.712
6.712
6.768
6.768
6.881
6.881
6.881
6.881
6.768
7.107
7.107
7.050
7.107
7.107
7.107
7.107
7.107
7.107
7.332
7.276
7.107
7.163
7.163
7.163
7.107
6.937
7.050
7.107
7.050
6.881
6.881
6.881
6.881
6.881
6.881
6.881
6.881
6.768
6.768
6.768
7.219
6.825
6.768
6.768
7.501
6.768
6.937
6.768
6.881
6.712
6.712
6.881
6.825
6.712
6.712
7.050
6.712
6.712
6.712
6.825
6.825
6.712
6.825
6.825
6.768
6.825
6.825
6.825
8.065
6.825
7.050
6.825
6.825
6.825
6.768
6.825
6.825
6.655
6.825
6.825
6.825
7.332
6.881
6.937
6.768
6.994
6.937
6.937
6.937
6.937
7.219
10.942
6.937
6.937
6.937
6.937
6.825
7.389
7.050
6.768
6.768
7.389
6.994
6.768
6.768
6.768
6.768
6.768
6.768
6.768
6.768
6.768
6.768
6.768
7.107
7.107
6.768
6.768
6.543
7.219
7.163
6.768
6.825
6.768
7.107
6.825
6.825
6.881
6.937
6.825
6.881
6.599
7.219
6.599
6.599
6.599
6.599
6.599
6.599
6.599
6.599
10.603
6.655
7.896
6.599
6.655
6.655
6.599
15.341
6.655
6.655
6.655
6.655
6.655
6.599
6.599
6.655
6.599
6.543
6.543
6.599
6.599
6.543
6.543
6.599
6.599
6.599
6.599
6.768
6.599
6.712
6.599
6.599
6.599
6.543
6.825
10.660
6.543
6.655
6.543
8.009
6.599
6.543
6.543
6.543
11.732
6.543
6.937
6.543
6.543
6.543
6.543
6.543
6.599
6.599
6.599
6.599
6.599
6.599
6.599
6.599
6.599
6.599
6.599
6.655
6.655
6.599
6.599
6.599
6.655
6.599
7.050
6.712
6.599
6.599
6.599
6.768
6.599
6.599
6.599
6.712
6.599
6.599
6.599
6.599
6.599
6.599
6.599
6.599
6.655
6.655
6.994
6.655
6.655
6.655
6.655
7.050
6.825
6.655
6.655
6.712
6.712
6.655
6.543
6.543
6.543
6.599
6.994
6.543
6.543
6.543
6.543
6.543
6.543
6.543
6.543
6.543
6.543
6.543
6.655
6.543
6.543
6.599
6.599
6.599
7.332
6.599
6.599
6.599
6.599
6.599
6.599
6.486
6.599
6.599
14.100
6.712
6.712
7.050
6.712
6.655
6.655
6.712
6.543
6.599
6.599
6.599
9.024
6.543
8.178
6.768
6.543
6.543
10.096
6.543
6.543
6.543
6.543
8.968
6.599
6.599
6.768
6.599
6.486
6.599
6.599
6.599
6.543
6.486
6.543
6.599
6.543
6.599
6.599
6.599
6.543
6.543
6.712
6.261
6.599
6.599
6.599
6.881
6.543
6.543
6.599
6.543
6.486
6.486
6.599
6.486
6.486
7.219
7.163
6.543
6.543
6.543
6.543
6.543
6.543
6.599
6.543
6.599
6.599
6.599
6.599
6.543
6.543
6.599
6.599
6.599
6.599
6.599
6.599
6.599
6.599
6.486
6.599
6.599
6.599
6.655
6.599
6.599
6.261
6.599
6.881
6.543
6.035
6.035
6.035
6.543
6.035
6.035
8.517
6.035
7.783
5.922
5.979
6.091
5.922
6.035
5.979
5.979
6.035
6.204
6.035
5.922
6.035
6.091
6.091
5.922
6.035
5.866
5.753
5.922
5.979
5.753
6.937
5.922
5.922
5.809
5.809
5.640
6.937
5.753
5.866
5.866
5.866
5.979
5.866
5.866
5.809
5.866
5.866
5.866
5.866
5.866
5.866
5.866
7.953
5.866
5.866
5.922
5.866
6.543
5.922
5.979
5.866
5.922
5.922
6.430
5.922
5.809
5.922
5.922
5.866
5.866
5.922
5.866
5.922
6.543
5.922
5.922
5.866
5.922
5.922
5.922
5.922
5.922
5.922
5.922
5.922
5.922
5.922
5.922
5.922
5.922
5.922
5.922
5.922
7.783
5.922
5.922
5.922
5.922
6.148
5.922
5.922
5.979
6.543
5.922
5.922
5.922
5.979
5.922
5.922
5.809
5.922
6.994
5.922
5.922
5.922
5.922
5.922
5.922
5.866
6.543
5.866
5.922
5.922
10.434
5.809
5.922
5.866
5.809
5.922
5.809
5.809
5.753
5.809
5.809
5.697
5.922
5.697
5.697
5.922
5.697
5.809
5.697
5.697
6.204
6.261
5.697
5.922
7.276
5.697
5.697
5.809
5.697
5.640
5.697
5.697
5.697
5.697
5.697
5.922
5.697
5.640
5.753
5.697
6.486
6.317
5.979
5.753
5.753
5.866
5.809
5.866
5.753
5.866
5.640
5.753
5.753
5.584
5.584
5.584
5.697
5.527
5.979
14.213
5.471
9.927
5.471
5.471
5.471
5.471
5.358
5.471
5.471
5.471
5.471
5.471
5.809
5.358
6.486
5.471
5.471
5.753
5.527
5.527
5.697
5.471
5.640
5.471
5.640
5.584
5.527
5.584
5.584
6.204
5.809
5.584
5.584
5.584
5.640
5.753
5.697
5.753
5.584
5.753
5.527
5.471
5.415
5.527
5.527
5.527
5.697
5.527
5.584
5.527
5.640
10.039
5.697
5.753
5.584
5.697
5.640
5.640
5.584
5.415
6.543
5.471
10.096
5.415
15.341
5.415
6.486
5.415
5.753
5.415
5.415
7.276
5.527
5.415
5.415
5.415
5.471
5.471
5.753
5.471
5.471
5.584
5.471
5.471
5.753
5.358
5.358
5.358
5.358
5.358
5.415
5.358
5.358
5.358
5.358
5.358
5.358
5.358
5.358
5.415
5.245
5.358
5.302
5.358
5.640
6.655
5.584
5.697
5.584
5.584
5.584
5.979
5.697
5.584
5.584
13.706
5.640
5.527
5.584
5.979
5.809
5.640
5.584
6.373
5.640
5.753
5.640
5.584
5.584
5.584
5.584
5.640
5.640
5.584
5.584
5.584
5.584
5.584
5.584
5.584
5.527
5.753
5.753
6.543
5.697
5.640
6.655
5.640
5.753
6.373
5.697
5.697
5.640
7.050
7.953
5.640
8.517
5.527
5.697
5.809
5.697
5.640
5.697
5.697
5.640
5.584
5.584
5.584
5.584
5.753
5.584
5.640
5.640
5.527
5.527
5.753
5.527
5.527
5.527
5.584
5.640
5.584
5.640
5.640
5.640
5.697
5.527
5.640
5.640
5.471
5.584
5.640
5.640
5.866
5.640
5.527
5.584
6.091
5.584
5.358
5.302
5.358
5.415
5.302
5.302
5.584
5.584
5.471
5.527
5.809
5.527
5.640
6.091
5.471
5.527
5.527
5.584
5.584
5.358
5.471
5.527
5.809
5.584
5.471
5.584
5.640
5.471
6.204
6.204
6.204
6.261
6.204
6.261
6.261
6.317
6.204
6.091
6.091
6.148
6.035
6.486
6.148
6.261
6.204
6.204
6.148
6.148
6.148
6.148
5.979
6.035
6.091
6.091
6.035
6.035
6.091
6.091
5.922
6.091
6.091
5.979
5.922
5.922
5.640
6.035
5.979
5.979
6.430
5.866
5.866
5.471
5.979
5.866
5.866
5.866
5.866
5.809
5.866
5.866
6.035
5.866
5.922
5.922
9.137
5.866
5.866
5.866
5.866
5.809
5.866
5.753
5.753
5.866
5.753
6.543
5.979
5.753
5.809
5.866
5.866
5.866
5.922
5.809
5.809
5.809
5.866
5.866
6.768
5.809
5.866
5.979
6.035
5.979
6.035
5.979
5.809
5.979
6.091
5.979
5.809
6.148
6.430
5.753
5.753
5.866
12.521
5.753
5.753
5.753
5.753
5.753
5.753
5.697
5.753
5.753
5.809
5.753
5.753
5.866
5.753
6.599
5.922
5.753
5.640
5.640
5.922
5.866
5.866
6.035
5.753
6.994
5.866
5.753
5.753
5.753
5.753
5.753
5.753
5.809
8.742
5.809
8.968
5.753
5.866
5.753
5.697
5.697
5.697
12.239
5.697
5.697
5.922
5.697
5.640
5.697
5.584
5.640
5.584
5.697
5.584
5.640
5.697
6.091
5.584
5.866
5.584
5.584
5.640
5.584
5.584
6.881
5.866
5.753
5.584
5.584
5.584
5.527
5.527
5.640
5.640
5.640
5.584
5.640
5.640
13.931
5.753
5.640
5.640
5.697
5.640
5.809
5.697
5.640
5.584
10.378
5.527
5.640
5.640
5.640
5.640
5.640
5.640
5.697
5.697
5.584
5.584
7.501
5.584
5.753
5.584
5.527
5.527
5.753
5.527
5.584
5.527
5.584
5.527
5.809
5.471
5.471
5.471
5.471
5.697
5.527
5.809
5.245
5.302
5.245
5.245
5.245
5.133
5.189
5.245
5.245
5.245
5.866
5.245
5.697
5.245
5.245
5.245
5.189
12.521
5.245
5.245
5.189
6.712
5.189
5.189
5.133
5.189
5.133
5.189
5.133
5.133
5.189
5.076
6.148
5.133
5.189
5.527
5.133
5.133
5.189
5.133
5.189
5.133
5.189
5.133
4.963
4.963
4.907
4.907
4.907
4.963
4.907
5.809
4.963
4.907
4.907
9.927
4.907
4.907
5.471
4.963
6.768
4.963
5.358
4.907
5.020
5.133
5.020
8.968
5.020
5.076
5.020
5.133
5.358
5.076
5.133
5.809
5.076
5.133
5.302
5.133
5.133
5.020
5.020
5.302
5.076
10.152
5.076
5.133
5.133
5.133
5.076
5.076
5.076
5.076
5.076
5.076
5.076
5.133
4.963
4.907
5.245
4.963
4.963
5.415
4.963
8.122
4.963
4.963
4.963
4.963
4.963
6.148
5.020
5.020
5.020
5.189
5.020
5.076
4.963
5.076
5.020
5.076
5.133
5.076
5.020
5.020
5.133
5.245
5.302
5.076
5.076
5.020
5.133
8.911
5.076
5.189
5.133
4.963
5.076
5.415
5.076
5.076
5.979
5.076
5.076
5.076
5.076
5.076
5.076
5.189
5.076
5.076
5.245
5.133
5.076
5.076
5.020
5.020
5.584
4.963
4.963
5.076
4.963
4.907
4.907
4.963
4.963
4.963
4.738
4.963
4.963
4.963
5.020
5.020
4.907
5.020
5.020
4.907
4.907
5.358
4.963
4.963
4.681
6.937
4.963
4.963
4.851
4.851
4.963
5.020
5.020
4.963
5.020
5.020
5.076
5.020
5.020
4.738
5.020
5.020
4.907
4.907
4.963
4.851
4.851
4.851
5.697
4.907
4.907
4.907
5.020
5.133
5.020
4.963
5.358
5.020
5.753
7.783
5.020
5.133
5.020
5.415
5.020
4.907
5.076
5.020
10.829
5.076
5.020
5.020
5.189
4.963
5.076
5.020
5.020
5.020
4.963
5.527
4.851
11.450
5.020
5.020
5.020
5.020
5.020
5.020
5.020
4.907
4.907
4.963
4.907
4.907
4.907
5.302
4.907
4.907
4.907
4.907
5.020
4.907
4.963
4.907
4.907
4.907
4.907
4.907
4.907
4.963
4.963
4.963
4.625
4.625
4.625
5.076
5.866
4.625
5.020
5.076
5.076
5.076
5.922
5.697
5.076
5.076
5.076
5.076
5.020
5.020
5.245
5.020
5.020
5.020
5.020
5.020
4.794
5.020
5.020
5.020
4.963
5.020
5.020
4.963
4.963
4.963
4.907
4.963
4.963
4.963
4.963
4.907
4.963
4.963
9.701
4.963
4.963
5.133
4.963
12.634
4.794
4.794
4.794
4.794
4.963
4.794
4.794
4.794
4.512
4.625
4.794
5.020
5.020
5.584
5.076
5.076
5.076
5.020
5.302
5.866
5.584
5.753
5.302
5.245
5.245
5.302
5.302
5.302
5.302
5.302
5.302
16.131
5.640
5.302
5.076
5.302
9.983
5.358
5.358
5.358
5.471
5.358
5.245
5.302
5.358
5.302
5.584
5.471
5.415
5.358
5.358
5.471
5.245
5.471
5.245
5.471
5.471
5.471
12.126
5.415
5.471
5.471
5.471
5.697
5.471
5.471
5.471
5.189
5.471
5.358
5.245
5.809
5.133
5.640
5.076
5.640
5.302
5.245
5.245
5.302
5.245
5.189
5.245
5.245
5.640
5.245
5.415
5.245
5.245
5.245
5.471
5.189
5.245
5.358
5.189
5.189
5.133
5.189
16.300
5.133
5.133
10.491
5.020
5.189
5.020
5.245
5.189
5.020
5.189
5.133
4.963
7.332
4.963
4.512
13.424
5.133
5.415
5.020
5.189
5.189
5.245
5.245
5.245
5.189
4.681
4.681
4.738
4.681
4.681
4.681
4.681
4.681
4.681
4.738
4.681
4.681
4.625
4.569
4.963
4.569
4.738
4.625
4.625
4.625
13.085
4.681
7.445
4.625
4.569
4.512
4.512
4.512
4.512
4.512
4.512
4.343
4.399
4.512
4.343
4.343
4.625
4.399
4.343
14.721
4.343
4.681
4.343
5.302
4.343
4.456
4.512
4.456
5.866
4.512
5.302
4.569
4.512
4.512
4.512
4.399
4.399
4.512
4.963
4.512
4.512
4.512
4.569
4.681
6.035
5.697
4.512
4.681
4.512
5.133
4.512
4.399
7.276
4.343
4.343
4.343
4.343
4.343
4.343
4.343
4.343
4.738
4.399
5.020
4.343
4.456
4.343
4.343
4.343
4.343
4.399
4.456
4.343
4.287
4.343
4.399
4.343
4.399
4.569
14.157
4.399
4.343
4.399
4.456
4.399
4.399
4.399
4.399
4.399
4.681
4.399
4.399
4.287
8.968
4.399
4.399
4.738
4.399
4.399
10.998
5.133
4.456
4.343
4.399
4.625
4.399
4.343
4.456
4.343
4.399
4.851
4.399
4.399
4.399
4.569
4.399
4.399
4.456
4.456
4.456
4.456
4.399
4.399
4.399
4.343
4.399
4.399
5.020
4.399
4.399
4.399
4.794
4.399
4.343
4.399
4.343
4.399
4.399
4.399
4.287
4.399
4.399
4.399
4.456
4.399
4.399
4.456
4.343
4.512
5.358
4.343
4.343
5.584
4.343
4.343
4.794
4.343
4.230
4.343
5.527
4.230
4.230
4.230
4.230
4.230
4.230
4.174
4.287
4.117
4.287
4.963
4.117
4.117
4.399
4.117
4.117
4.230
4.230
4.230
11.280
4.230
4.287
4.399
4.230
4.174
4.230
4.230
4.230
4.230
4.230
4.230
4.230
4.230
4.230
4.230
4.963
4.230
4.287
4.230
4.230
12.690
4.738
8.235
4.230
4.230
4.230
4.230
4.230
4.174
4.117
4.230
4.230
4.456
4.230
4.287
4.230
4.230
4.287
4.230
4.287
5.527
4.117
5.527
4.174
4.343
5.584
4.399
4.117
4.117
10.265
4.117
4.287
4.061
4.061
4.174
4.174
4.230
4.174
4.117
4.174
4.230
4.230
4.399
4.230
4.174
4.230
4.117
4.456
7.727
4.230
5.415
4.343
4.230
4.230
4.230
4.569
4.569
4.230
4.230
4.230
4.230
4.174
4.230
4.738
6.261
5.753
4.230
4.230
4.230
4.230
4.230
4.174
4.174
4.287
4.174
4.174
4.230
4.230
8.404
4.174
4.230
4.230
4.399
4.174
5.866
4.230
4.174
4.117
4.287
4.061
4.230
4.174
4.117
4.117
4.117
4.287
4.117
4.287
5.302
16.864
4.117
4.117
4.117
4.117
4.117
4.174
4.117
4.174
4.117
4.117
4.117
4.061
4.061
4.399
4.230
5.076
4.343
4.230
4.287
8.235
4.230
4.230
4.174
4.174
4.230
4.399
4.230
4.174
4.230
4.174
4.174
4.174
4.287
4.174
4.117
4.174
4.117
4.174
4.117
4.174
4.174
4.174
4.174
4.230
4.230
4.230
4.230
4.174
4.230
4.230
4.174
4.230
4.230
4.230
4.117
4.343
4.399
4.230
4.230
4.174
4.230
4.174
4.287
4.117
4.399
4.117
4.174
4.117
4.117
4.456
4.061
4.174
4.117
4.230
4.117
4.174
4.117
4.174
4.287
4.174
4.174
4.230
6.430
4.230
4.174
4.117
4.061
4.061
4.117
4.117
4.117
4.399
4.061
4.117
4.061
4.174
4.117
4.287
4.117
4.061
4.061
6.825
4.005
4.287
8.855
5.358
4.061
4.005
4.061
4.005
4.287
4.005
4.005
4.061
4.005
4.230
4.061
4.061
4.005
4.230
4.061
5.415
4.907
4.061
4.061
4.061
4.061
4.117
4.343
4.061
4.061
4.005
8.235
4.287
4.117
4.005
4.061
4.399
7.953
4.005
4.230
4.230
4.907
4.117
5.358
4.174
4.117
4.005
4.117
4.005
4.005
4.005
4.287
4.005
4.005
4.061
4.117
4.005
4.005
4.230
4.174
4.117
4.230
4.061
4.174
4.230
4.230
4.230
4.230
4.061
4.174
4.230
4.738
4.230
4.174
4.230
4.230
4.569
4.230
4.230
4.230
4.230
4.681
4.230
4.230
5.753
4.287
4.230
4.230
4.174
4.287
4.399
4.230
4.174
4.174
4.174
4.512
4.287
4.174
4.117
4.117
4.005
4.174
4.230
4.117
4.117
4.117
4.794
4.117
4.117
4.117
4.174
4.738
4.174
4.399
4.117
4.117
4.117
4.287
5.415
12.916
4.061
4.061
4.061
4.117
4.174
4.174
4.174
4.399
4.061
4.117
4.512
4.061
4.061
12.408
4.061
4.174
4.117
4.061
4.061
4.061
4.117
4.117
15.849
4.174
4.117
4.174
4.287
4.117
4.174
4.061
4.230
4.117
4.174
4.851
4.117
4.174
10.321
4.061
4.061
4.061
4.174
4.117
4.061
4.061
4.174
4.512
4.117
4.061
4.625
4.061
4.061
4.061
