21.376
21.376
21.376
21.376
21.376
21.376
21.376
21.376
21.376
21.433
21.433
21.433
21.433
21.433
21.433
21.433
21.433
21.433
21.433
21.433
21.433
21.489
21.489
21.489
21.489
21.489
21.489
21.376
21.376
21.376
21.376
21.376
21.376
21.376
21.376
21.376
21.376
21.376
21.376
21.376
21.376
21.376
21.376
21.376
21.376
21.376
21.376
21.376
21.376
21.376
21.376
21.376
21.376
21.376
21.376
21.376
21.376
21.376
21.376
21.376
21.376
21.376
21.376
21.376
21.376
21.376
21.376
21.376
21.376
21.376
21.376
21.376
21.376
21.376
21.376
21.376
21.376
21.376
21.376
21.376
21.376
21.376
21.376
21.376
21.376
21.376
21.376
21.376
21.376
21.376
21.376
21.376
21.376
21.376
21.376
21.376
21.376
21.376
21.376
21.376
21.376
21.376
21.376
21.376
21.376
21.376
21.376
21.376
21.376
21.376
21.376
21.376
21.376
21.376
21.376
21.376
21.376
21.376
21.376
21.376
21.376
21.376
21.376
21.376
21.376
21.376
21.376
21.376
21.376
21.376
21.376
21.376
21.376
21.376
21.376
21.376
21.376
21.376
21.376
21.376
21.376
21.376
21.376
21.376
21.376
21.376
21.376
21.376
21.376
21.376
21.376
21.376
21.376
21.376
21.376
21.376
21.376
21.376
21.376
21.376
21.376
21.376
21.376
21.376
21.376
21.376
21.376
21.376
21.376
21.376
21.376
21.376
21.376
21.376
21.376
21.376
21.376
21.376
21.376
21.376
21.376
21.376
21.376
21.376
21.376
21.376
21.376
21.376
21.376
21.376
21.376
21.376
21.376
21.376
21.376
21.376
21.376
21.376
21.376
21.376
21.376
21.376
21.376
21.376
21.376
21.376
21.376
21.376
21.376
21.376
21.376
21.376
21.376
21.376
21.376
21.376
21.376
21.376
21.376
21.376
21.376
21.376
21.376
21.376
21.376
21.376
21.376
21.376
21.376
21.376
21.376
21.376
21.376
21.376
21.376
21.376
21.376
21.376
21.376
21.376
21.376
21.376
21.376
21.376
21.376
21.376
21.376
21.376
21.376
21.376
21.376
21.376
21.376
21.376
21.376
21.376
21.376
21.376
21.376
21.376
21.376
21.376
21.376
21.376
21.376
21.376
21.376
21.376
21.320
21.320
21.320
21.320
21.320
21.320
21.320
21.320
21.320
21.320
21.320
21.376
21.376
21.376
21.376
21.376
21.376
21.376
21.376
21.433
21.433
21.433
21.433
21.827
21.827
21.827
21.884
21.376
21.376
21.376
21.376
21.376
21.376
21.376
21.376
21.376
21.376
21.376
21.376
21.376
21.376
21.376
21.376
21.376
21.376
21.376
21.376
21.376
21.376
21.376
21.376
21.376
21.376
21.376
21.376
21.376
21.376
21.376
21.433
21.433
21.433
21.433
21.433
21.433
21.433
21.433
21.433
21.376
21.376
21.376
21.376
21.376
21.376
21.376
21.376
21.376
21.376
21.376
21.376
21.376
21.376
21.376
21.376
21.376
21.376
21.376
21.376
21.376
21.376
21.376
21.376
21.376
21.376
21.376
21.376
21.376
21.376
21.376
21.376
21.376
21.376
21.376
21.376
21.376
21.376
21.376
21.376
21.376
21.376
21.376
21.376
21.376
21.376
21.376
21.376
21.376
21.376
21.376
21.376
21.376
21.376
21.376
21.376
21.376
21.376
21.376
21.376
21.376
21.376
21.376
21.376
21.376
21.376
21.376
21.376
21.376
21.376
21.376
21.376
21.376
21.376
21.376
21.376
21.376
21.376
21.376
21.376
21.376
21.376
21.376
21.376
21.376
21.376
21.376
21.376
21.376
21.376
21.376
21.376
21.376
21.376
21.376
21.376
21.376
21.376
21.376
21.376
21.376
21.376
21.376
21.376
21.376
21.376
21.376
21.376
21.376
21.376
21.376
21.376
21.376
21.376
21.376
21.376
21.376
21.376
21.376
21.376
21.376
21.376
21.376
21.376
21.376
21.376
21.376
21.376
21.376
21.376
21.376
21.376
21.376
21.376
21.376
21.376
21.376
21.376
21.376
21.376
21.376
21.376
21.376
21.376
21.376
21.376
21.376
21.376
21.376
21.376
21.376
21.376
21.376
21.376
21.376
21.376
21.376
21.376
21.376
21.376
21.376
21.376
21.376
21.376
21.376
21.997
21.997
21.997
21.997
22.053
22.053
21.997
21.151
21.151
21.151
21.320
21.320
21.320
21.320
21.320
21.207
21.207
21.207
21.207
21.207
21.263
21.263
21.263
21.263
21.263
21.263
21.263
21.263
21.263
20.981
20.981
20.981
21.320
21.320
21.320
21.320
21.320
21.320
21.320
21.320
21.320
21.320
21.320
21.263
21.263
21.263
21.376
21.263
21.263
21.263
21.263
21.263
21.263
21.263
21.263
21.263
21.263
21.263
21.263
21.263
21.263
21.263
21.376
21.376
21.320
21.320
21.433
21.433
21.433
21.433
21.433
21.376
21.376
21.376
21.376
21.376
21.376
21.376
21.433
21.433
21.376
21.376
21.376
21.376
21.376
21.376
21.376
21.376
21.376
21.376
21.376
21.376
21.376
21.376
21.376
21.376
21.376
21.433
21.433
21.433
21.151
21.151
21.320
21.320
21.207
21.207
21.207
21.320
21.320
21.320
21.320
21.263
21.715
21.545
21.489
21.207
21.207
21.207
21.320
21.320
21.263
21.320
21.320
21.320
21.320
21.489
21.320
21.320
21.320
21.320
21.320
21.320
21.320
21.320
21.263
21.263
21.263
21.320
21.320
21.433
21.263
21.263
21.263
21.263
21.263
21.263
21.263
21.263
21.263
21.263
21.263
21.376
21.376
21.489
21.489
21.489
21.489
21.489
21.489
21.207
21.207
21.207
21.207
21.207
21.207
21.320
21.320
21.320
21.320
21.320
21.320
21.320
21.320
21.320
21.320
21.320
21.320
21.320
21.320
21.320
21.320
21.320
21.320
21.545
21.602
21.602
21.545
21.545
21.545
21.545
21.545
21.545
21.545
21.545
21.489
21.489
21.489
21.489
21.489
21.489
21.489
21.489
21.489
21.489
21.489
21.489
21.545
21.489
21.489
21.489
21.489
21.489
21.489
21.545
21.545
21.376
21.545
21.545
21.545
21.545
21.545
21.545
21.545
21.545
21.545
21.545
21.545
21.545
21.545
21.545
21.545
21.545
21.545
21.545
21.545
21.545
21.545
21.545
21.545
21.545
21.658
21.545
21.545
21.545
21.545
21.545
21.545
21.545
21.545
21.545
21.545
21.545
21.545
21.545
21.545
21.545
21.545
21.545
21.545
21.545
21.545
21.545
21.545
21.545
21.545
21.545
21.545
21.545
21.545
21.545
21.545
21.545
21.545
21.545
21.545
21.884
21.545
21.545
21.545
21.545
21.489
21.489
21.489
21.489
21.489
21.489
21.489
21.489
21.376
21.433
21.433
21.433
21.433
21.094
21.094
21.094
21.094
21.094
21.094
21.094
21.094
21.094
21.094
21.094
21.094
21.094
21.094
21.094
21.094
21.094
21.094
21.094
21.094
21.094
21.094
21.094
21.094
21.094
21.094
21.094
21.094
21.094
21.094
21.094
21.151
21.151
21.207
21.207
21.207
21.207
21.207
21.207
21.207
20.981
21.038
20.981
21.038
20.981
20.981
21.151
20.981
20.981
20.981
21.038
21.094
21.038
21.038
21.038
21.038
21.038
21.207
21.038
21.038
21.038
21.263
21.038
21.038
21.038
20.981
21.038
21.038
21.038
21.094
21.038
21.038
21.038
21.038
21.038
20.925
20.925
20.925
20.925
20.981
20.981
20.981
20.981
21.489
20.981
20.981
20.981
20.981
20.981
20.981
20.981
21.263
21.263
21.263
21.263
21.263
21.263
21.263
21.376
21.263
21.320
21.320
21.320
21.320
21.320
21.320
21.320
21.376
21.320
21.320
21.320
21.320
21.320
21.320
21.320
21.320
21.320
21.320
21.320
21.320
21.320
21.320
21.320
21.263
21.320
21.320
21.320
21.320
21.320
21.263
21.263
21.320
21.320
21.320
21.320
21.320
21.320
21.320
21.320
21.658
21.320
21.320
21.320
21.320
21.376
21.320
21.320
21.320
21.320
21.320
21.320
21.320
21.320
21.320
21.320
21.094
21.094
21.602
21.094
21.094
21.094
21.094
21.320
22.786
22.786
22.786
22.786
22.786
22.448
24.027
24.027
24.027
23.914
23.914
23.914
23.914
23.914
21.940
23.914
23.745
23.914
23.914
23.914
23.914
23.914
23.914
20.925
20.925
20.925
20.925
20.925
20.925
21.263
21.263
21.263
21.263
21.263
21.263
21.320
21.263
21.263
21.263
21.263
21.038
21.038
21.038
21.038
21.038
21.038
21.038
21.038
21.038
21.038
21.038
21.038
20.925
21.038
21.038
21.038
21.038
21.038
21.038
21.038
21.038
21.038
21.038
21.038
21.038
21.038
21.038
21.038
21.038
20.981
20.981
20.981
20.981
20.812
20.812
20.925
20.812
20.812
20.812
20.812
20.812
20.812
20.812
20.812
20.812
20.812
20.812
20.812
20.812
20.812
20.812
21.094
21.094
21.094
21.094
21.094
21.094
21.094
21.094
21.094
21.263
21.263
21.094
21.094
21.094
21.094
21.602
21.094
21.094
21.094
21.376
21.094
21.094
21.094
21.094
21.094
21.094
21.094
21.094
21.094
21.151
21.094
21.094
21.094
21.094
21.094
21.094
21.038
21.038
21.038
20.981
20.981
20.981
21.151
21.151
21.151
21.151
21.151
20.981
20.981
20.981
21.038
20.981
20.981
20.981
20.981
20.981
20.981
21.320
20.981
21.038
20.981
20.981
20.981
20.981
20.981
20.981
20.981
20.981
20.981
20.981
20.981
20.981
20.869
21.038
20.869
20.869
20.869
20.869
20.869
20.869
20.869
20.869
20.869
20.869
20.869
20.812
20.812
20.812
20.812
20.812
20.812
20.812
20.869
21.038
20.812
20.812
20.812
20.869
20.812
20.812
20.812
20.812
21.038
20.812
20.812
20.925
20.925
20.925
20.925
20.812
20.925
20.925
20.869
20.869
20.869
20.869
20.925
20.869
20.869
20.869
20.869
20.869
20.869
20.869
20.869
20.869
21.151
20.869
20.869
20.756
20.756
20.756
20.756
20.756
20.756
20.756
20.756
20.756
20.756
20.756
20.756
20.756
20.756
20.756
20.417
20.417
20.417
20.417
20.417
20.417
20.417
20.530
20.417
21.489
20.417
20.417
20.361
20.361
20.361
20.361
20.361
20.699
20.869
20.699
20.643
20.474
20.643
20.756
20.643
20.643
20.643
20.643
20.699
20.587
20.587
20.869
20.587
20.587
20.587
20.587
20.587
20.587
20.869
20.869
20.869
20.869
20.869
20.869
20.869
20.869
20.869
20.869
20.869
20.869
20.869
20.869
20.869
20.869
20.869
20.869
20.869
20.869
20.869
20.869
20.869
20.869
20.869
20.869
20.869
20.869
20.869
21.038
20.869
20.869
20.756
20.869
20.869
20.981
20.812
20.812
20.812
20.812
20.812
20.361
20.361
20.361
21.433
20.361
20.361
20.361
20.361
20.361
20.361
20.361
20.361
20.361
20.361
21.489
20.361
20.361
20.361
20.361
20.361
20.361
20.361
20.361
20.417
20.417
20.417
20.417
20.417
20.417
20.361
20.417
20.079
20.417
20.417
20.417
20.417
20.417
20.417
20.417
20.417
20.417
20.417
20.417
20.417
20.417
20.248
20.417
20.417
20.417
20.417
20.417
20.417
20.417
20.417
20.135
20.135
20.135
20.361
20.135
20.135
20.023
20.135
20.135
19.966
20.135
20.135
20.135
20.135
20.135
20.135
20.135
20.135
20.135
20.135
20.135
20.135
20.135
20.135
20.135
20.135
20.135
20.135
19.966
20.135
20.135
19.966
19.966
19.966
19.966
19.966
19.966
19.966
20.812
19.966
19.966
20.023
19.966
20.079
20.079
20.079
20.079
20.079
20.925
20.925
20.925
20.925
20.925
20.925
20.925
20.925
20.925
20.925
21.545
20.925
20.925
20.925
20.981
21.094
20.981
20.869
20.869
20.869
20.869
19.966
20.869
20.869
21.038
20.869
20.869
20.869
20.812
20.812
20.812
20.812
20.812
20.812
21.038
20.361
20.812
20.812
20.812
20.812
20.812
20.812
20.812
20.812
20.812
20.812
20.812
20.812
20.812
20.812
20.643
20.643
20.643
20.643
20.643
20.643
20.643
20.643
21.038
21.038
21.038
21.038
21.038
21.038
21.094
21.207
21.094
21.094
21.207
21.151
21.094
21.151
21.094
21.094
21.094
18.218
18.218
17.654
17.654
17.879
17.654
17.654
17.654
17.654
17.654
18.669
17.484
17.654
17.484
17.484
17.484
17.484
16.526
16.526
16.582
16.582
16.582
21.376
16.582
16.638
16.638
16.638
16.638
16.638
16.638
16.638
16.638
16.638
16.638
16.638
16.638
16.582
16.751
16.582
16.582
16.582
16.582
16.582
16.582
16.582
16.582
16.582
16.582
16.582
16.582
16.582
16.695
16.582
16.018
16.018
21.320
16.018
16.018
16.018
16.018
16.638
16.018
16.018
16.018
16.864
16.018
16.018
16.018
16.018
16.018
16.018
16.018
16.018
16.018
16.018
16.018
16.018
16.018
16.018
16.018
17.823
16.018
16.582
16.018
16.018
16.018
16.018
17.541
16.018
15.849
21.489
15.849
15.849
15.849
15.849
15.849
16.638
15.849
15.849
15.849
15.849
15.849
15.849
18.782
15.849
15.849
15.849
15.849
15.849
15.849
15.849
15.341
15.341
15.341
15.341
16.413
15.341
15.341
15.341
16.018
15.341
15.680
15.341
15.510
15.510
18.049
15.510
15.510
15.454
19.684
15.623
17.428
15.623
15.792
15.792
15.792
15.792
15.680
15.680
15.680
15.680
15.680
15.680
15.680
15.680
15.680
15.680
15.680
15.680
15.680
15.736
15.680
15.680
15.680
15.680
15.567
15.680
15.680
15.680
15.680
15.905
15.680
15.680
15.680
15.680
15.792
15.680
15.680
15.680
15.680
15.680
15.736
15.736
15.736
15.736
15.736
15.736
15.736
15.736
15.962
15.736
15.736
16.244
15.736
15.736
15.736
15.736
15.736
15.736
15.736
15.736
15.736
15.736
15.736
15.736
15.736
15.736
15.736
15.623
17.541
15.736
15.736
18.669
15.510
15.736
15.736
15.736
15.736
15.736
15.567
15.567
15.567
15.567
15.567
15.680
15.680
15.680
15.680
15.680
15.680
15.680
15.680
15.680
15.680
15.680
15.680
15.680
15.680
15.680
15.680
15.680
15.680
15.680
15.285
15.285
15.285
15.285
15.285
15.285
15.285
15.285
15.285
17.372
19.177
15.285
15.285
15.285
16.469
15.285
15.285
15.285
15.285
15.285
15.285
15.285
15.285
15.341
15.285
15.285
15.285
15.285
15.285
15.454
15.285
15.228
15.285
15.285
15.285
15.285
15.285
15.285
15.285
15.285
15.285
15.116
15.116
15.116
15.116
15.116
15.116
18.443
15.116
15.116
15.003
15.116
18.105
15.116
15.116
15.116
15.116
15.116
15.172
15.172
15.172
15.172
21.263
15.172
15.172
15.172
15.172
16.638
16.751
16.638
16.469
16.469
16.469
16.469
16.469
16.469
16.469
16.469
16.469
16.469
16.469
16.469
16.469
16.469
16.469
16.413
16.413
16.413
16.413
16.413
16.413
16.413
16.244
16.244
16.244
16.244
16.244
16.244
16.244
16.244
16.244
16.244
16.244
18.049
16.244
16.244
16.244
16.244
16.244
16.244
16.244
16.244
16.582
16.582
16.582
16.582
16.582
16.582
16.582
16.582
16.582
16.582
16.582
16.582
16.469
16.469
16.356
16.413
16.413
16.300
16.413
16.413
16.413
16.413
16.356
16.300
16.356
16.356
16.356
16.300
16.300
16.469
16.300
16.300
16.300
16.300
16.300
17.992
16.413
16.300
16.300
16.300
16.300
16.300
16.356
16.413
16.300
16.300
16.300
16.300
16.300
16.300
16.300
16.300
16.300
16.300
16.300
16.695
16.300
16.413
16.300
20.079
16.300
16.187
16.638
16.187
16.187
16.131
16.131
16.074
16.131
16.131
16.131
16.131
16.131
16.131
16.131
18.500
16.131
16.131
16.131
16.131
16.300
16.131
17.146
16.131
16.131
16.131
16.131
16.131
16.131
18.218
16.131
16.131
16.131
16.582
16.131
16.131
16.131
16.131
16.131
16.469
16.131
16.131
16.131
16.131
16.131
16.131
16.131
16.131
16.131
16.131
16.131
16.300
16.300
16.300
16.244
16.244
16.244
18.895
16.244
16.244
16.244
16.244
16.244
16.244
16.244
16.300
16.244
16.244
16.244
16.244
16.244
16.244
16.244
16.244
16.244
16.244
16.244
16.244
16.244
16.244
16.244
15.680
15.680
15.680
15.680
15.680
15.680
15.567
19.064
15.567
15.567
15.567
15.567
15.567
15.510
15.454
15.454
15.454
15.454
15.454
15.454
15.454
15.510
15.454
15.454
15.454
15.454
15.454
15.454
15.623
15.454
15.285
15.285
15.285
15.736
15.285
15.285
15.285
15.285
15.285
15.285
15.285
15.285
15.285
15.285
15.285
15.285
15.341
15.285
15.567
15.285
15.285
15.398
15.285
15.398
15.398
15.398
15.398
15.341
15.398
15.398
15.398
15.398
15.398
15.398
15.567
15.962
15.398
15.341
15.567
15.567
15.567
15.172
15.172
15.849
15.849
15.849
15.849
15.849
15.849
15.849
15.905
15.849
15.849
15.228
15.228
15.228
15.285
15.285
15.285
15.285
15.285
15.285
15.285
15.285
15.285
15.172
15.341
15.285
15.228
14.890
18.105
14.890
14.890
14.890
14.890
14.890
14.890
14.890
20.981
14.890
14.890
14.890
14.890
14.382
14.890
14.890
14.382
14.382
14.439
14.439
14.439
14.439
14.439
14.439
14.439
14.439
14.439
14.439
14.439
14.439
14.495
14.439
14.439
14.439
14.439
14.439
14.439
14.439
14.439
14.721
14.495
14.495
14.495
14.495
14.495
14.382
14.495
14.495
14.495
14.495
14.495
14.439
14.552
14.495
14.495
17.484
14.946
14.382
14.439
14.495
14.495
14.495
21.489
14.439
14.044
14.552
14.439
14.439
14.439
14.439
14.439
14.439
14.439
14.439
14.439
14.439
14.439
14.495
14.439
14.439
14.890
14.439
14.439
14.439
14.439
14.439
14.439
14.439
14.439
14.439
14.608
14.439
14.439
14.439
14.439
17.315
14.439
16.864
14.439
14.439
14.382
14.382
14.382
14.270
15.003
14.382
14.382
14.834
14.834
14.834
14.834
14.834
14.777
14.777
14.777
14.777
14.834
14.777
14.777
14.777
14.777
14.777
14.777
14.834
14.777
14.777
14.777
14.777
14.777
14.777
14.721
14.890
14.777
14.777
14.777
14.777
14.664
20.192
14.721
14.608
14.608
14.608
14.608
14.608
14.664
14.664
14.664
14.439
14.495
14.495
14.495
14.044
14.044
14.157
14.100
14.044
14.044
14.044
14.044
14.044
14.100
14.044
14.044
14.044
14.044
14.044
14.044
14.100
14.044
14.044
14.044
14.044
14.044
14.044
14.044
14.044
14.044
14.044
13.931
13.931
13.931
14.100
13.931
13.931
13.931
14.213
13.931
13.931
13.931
13.931
13.931
13.931
13.931
13.931
13.931
13.931
13.931
13.931
13.931
13.931
13.931
13.931
14.044
14.044
14.044
13.706
13.706
13.706
13.706
13.706
13.706
13.593
13.593
13.593
13.593
13.593
13.593
13.706
13.706
13.706
13.706
13.875
13.875
13.875
13.875
13.875
13.875
13.875
13.875
13.875
13.875
13.875
13.875
13.875
13.875
13.931
15.285
13.875
13.875
13.818
13.875
13.875
13.875
13.875
13.931
13.931
13.875
13.931
13.931
13.931
13.931
13.931
13.931
13.931
13.931
13.875
13.875
13.875
13.875
13.875
13.875
13.875
14.157
13.875
13.875
13.875
13.931
13.931
13.931
13.931
12.972
12.972
12.972
12.972
14.777
12.972
12.972
12.972
12.972
12.972
12.972
12.972
12.972
12.860
12.972
12.972
12.972
12.972
12.972
12.916
12.916
12.916
12.916
12.916
12.916
12.916
12.916
12.916
13.142
12.916
12.916
12.916
12.916
12.860
12.916
12.070
21.433
12.070
12.070
12.070
12.070
12.126
12.126
12.126
12.126
12.126
12.126
13.649
13.649
13.649
13.593
13.649
13.649
13.649
13.649
13.649
13.706
13.649
13.649
13.649
13.649
13.649
13.649
13.649
13.480
13.480
13.367
13.480
13.198
13.480
13.480
13.480
13.367
13.480
13.480
13.480
13.480
13.480
13.480
13.480
13.480
13.649
13.480
13.480
13.480
13.480
13.480
13.480
13.536
13.424
13.424
13.536
13.536
13.536
13.536
14.664
13.593
13.536
13.536
13.536
13.536
13.649
13.593
13.649
13.649
13.649
13.649
13.649
13.649
20.981
13.649
13.649
13.649
13.593
14.100
13.593
13.593
13.593
13.593
13.593
21.263
13.593
13.593
13.593
13.424
13.593
13.593
13.593
13.593
13.593
13.593
13.649
13.649
13.649
13.649
13.649
13.649
13.649
14.777
13.649
13.649
14.213
13.649
13.649
13.649
14.100
13.649
13.649
13.649
15.736
13.649
13.706
13.649
14.946
13.649
13.311
13.311
13.311
13.311
13.311
13.311
13.311
13.311
13.367
13.367
13.762
13.367
13.480
13.762
13.367
13.367
13.367
15.172
13.367
13.254
13.367
13.367
13.142
13.367
13.367
13.367
13.480
13.367
15.285
13.367
13.367
14.946
13.367
13.367
13.367
13.367
13.311
13.311
13.198
16.413
13.198
13.198
13.254
13.198
13.311
13.254
13.254
13.254
13.254
13.254
13.254
13.254
13.254
14.946
13.254
13.254
13.254
13.254
13.254
13.649
13.254
13.254
13.254
13.198
13.254
13.254
13.254
13.085
13.254
13.085
13.085
12.916
12.916
13.085
13.029
13.029
13.029
13.142
13.029
13.029
13.029
13.029
13.029
13.029
13.029
13.029
13.029
13.029
13.029
13.029
13.029
13.029
13.029
13.029
13.029
13.029
13.029
13.029
13.029
12.860
12.860
12.860
12.860
12.860
12.860
12.860
12.916
13.198
12.860
12.860
12.860
12.860
12.860
13.142
12.860
12.860
12.860
17.823
13.029
12.916
12.860
12.860
12.860
12.860
12.860
12.860
18.669
17.597
12.860
12.860
13.142
12.860
12.972
12.972
12.521
12.521
12.521
12.747
13.254
12.521
12.521
12.521
12.521
12.521
12.521
12.521
12.578
12.521
12.578
12.521
12.578
12.521
12.521
12.521
12.521
13.311
12.408
12.408
12.408
12.352
12.408
12.408
12.465
12.408
12.408
12.521
12.408
15.228
12.408
15.059
12.408
12.408
12.408
12.465
12.352
12.408
12.408
12.408
12.408
12.352
12.408
12.408
12.408
12.408
12.408
12.408
12.408
12.408
12.408
12.408
12.408
12.408
12.578
12.578
12.578
12.578
12.634
12.465
12.578
12.578
12.578
12.578
12.578
12.578
12.578
12.578
12.578
12.578
12.578
12.578
12.578
12.578
12.578
12.408
12.408
12.408
13.142
12.408
12.408
12.296
12.408
12.408
12.465
12.465
12.465
12.465
12.465
12.465
12.408
12.465
12.408
12.408
12.408
14.157
12.408
12.408
12.408
12.408
12.408
12.408
12.408
12.408
12.408
12.408
12.408
12.465
12.408
12.408
12.408
12.408
12.408
12.408
12.408
12.408
12.408
12.408
13.254
12.408
12.408
12.408
12.408
12.352
12.747
12.408
12.408
12.408
12.352
12.465
12.070
12.070
12.690
12.634
12.578
12.578
12.578
12.578
12.408
12.972
12.972
12.972
12.972
12.972
12.972
12.972
12.916
12.972
12.972
12.972
13.029
13.029
13.029
13.875
13.029
13.029
13.762
13.029
13.029
13.029
13.029
13.029
13.029
13.142
13.142
13.142
13.142
13.142
13.142
13.142
13.142
13.142
13.085
13.085
13.311
13.085
13.085
13.085
13.085
13.085
13.085
13.085
13.085
13.649
13.085
13.085
12.916
12.916
12.860
12.860
12.860
12.860
12.690
12.690
12.690
12.578
12.578
12.578
12.578
12.578
12.578
12.578
12.578
12.578
12.578
12.578
12.578
12.578
12.578
12.578
12.578
12.634
12.634
12.634
12.747
12.634
12.634
12.634
12.634
12.521
12.521
12.521
12.521
12.521
12.521
12.521
12.690
12.690
12.690
12.690
12.747
12.690
12.521
13.649
12.521
12.521
12.521
12.521
12.521
12.521
12.578
12.521
12.521
12.521
12.521
12.521
12.634
12.578
12.578
12.747
12.916
12.465
12.747
12.747
14.946
12.747
12.916
12.747
12.747
12.747
12.690
12.690
12.690
12.690
12.690
12.690
12.690
12.690
12.690
12.690
12.690
12.690
12.690
12.690
12.690
12.690
12.690
12.690
12.690
12.690
12.690
12.634
12.634
12.634
12.634
12.634
12.634
12.634
12.634
12.521
12.634
12.634
12.634
12.634
12.634
12.690
12.747
12.690
12.690
12.690
12.690
12.690
12.690
12.634
12.578
12.634
12.634
12.634
12.634
12.634
12.634
12.634
12.690
12.521
12.634
12.634
12.634
12.634
12.634
12.634
12.747
12.634
12.634
12.634
12.634
12.634
12.634
12.634
12.634
12.690
12.634
12.634
12.634
12.634
12.634
12.634
12.465
12.521
12.465
12.465
12.465
12.465
12.521
12.521
12.521
12.408
12.521
12.521
12.521
13.142
12.521
12.521
19.684
12.521
12.521
12.521
12.183
12.521
12.521
12.521
12.521
12.521
12.521
12.521
12.521
12.521
14.100
12.521
12.747
13.988
12.521
12.521
12.521
12.465
12.465
13.085
12.465
12.521
12.465
12.465
12.465
12.465
12.465
12.803
12.465
12.465
12.465
12.465
12.521
12.521
12.521
12.521
12.521
12.916
12.521
12.690
12.521
12.521
12.521
12.521
12.521
12.521
12.521
12.521
12.521
12.521
12.521
12.690
12.521
12.521
12.521
12.352
12.352
13.649
12.352
12.352
12.352
12.352
12.352
12.352
12.408
12.352
12.690
12.352
12.352
12.352
12.352
12.352
12.352
12.352
12.296
12.352
12.352
12.352
12.352
12.352
12.352
12.352
12.296
12.352
12.352
12.296
12.296
12.296
12.296
12.296
12.296
12.296
12.296
14.439
12.860
12.296
12.296
12.296
12.296
12.296
12.296
12.747
12.296
12.296
12.296
12.296
12.296
12.296
12.634
12.352
12.352
12.352
12.352
12.408
12.352
12.634
12.296
12.465
12.239
12.296
12.296
12.521
12.296
12.296
12.296
12.296
12.296
12.296
12.296
12.296
12.296
12.296
12.352
12.296
12.296
12.296
12.296
12.296
12.296
13.536
12.296
12.296
12.296
12.296
12.296
12.296
12.408
12.408
12.183
12.408
12.408
12.521
12.408
12.408
12.408
12.408
12.408
12.465
12.465
12.465
12.408
12.408
12.408
21.433
12.352
13.875
12.408
20.925
12.408
12.408
12.465
12.465
12.465
12.465
14.382
12.465
12.465
12.352
12.352
12.465
12.465
12.521
12.408
12.521
12.521
12.521
12.408
12.521
12.465
12.521
12.521
12.521
12.634
12.521
12.521
12.521
12.521
12.521
12.408
12.521
12.521
12.521
12.521
12.521
12.521
12.521
12.521
12.521
12.521
12.465
12.465
12.465
12.465
12.465
12.296
12.296
12.352
12.352
12.352
12.352
12.352
12.352
12.352
12.465
12.690
12.352
19.853
12.465
12.465
12.465
12.465
13.424
12.465
12.352
12.296
12.296
11.957
12.296
12.408
12.465
12.465
12.352
12.408
12.465
12.465
12.465
12.465
12.465
12.352
12.296
12.352
12.296
12.408
12.126
12.296
12.296
12.183
14.270
12.183
12.408
12.126
12.126
12.183
12.126
12.521
12.126
12.126
12.126
12.126
12.126
12.126
12.126
12.126
12.352
12.126
11.562
12.183
12.183
12.126
12.014
12.239
12.183
12.239
12.239
12.352
12.239
12.239
12.239
12.408
12.239
12.352
12.352
12.296
12.296
11.957
11.957
11.957
11.957
12.239
11.957
11.957
11.844
11.844
12.408
12.408
12.296
12.408
12.408
12.408
12.521
12.465
12.521
12.521
12.578
12.521
12.578
12.578
12.465
12.465
12.465
12.465
12.465
12.465
12.465
12.465
12.408
12.465
12.465
12.465
12.465
12.465
12.465
12.465
12.465
12.465
12.465
12.465
12.465
12.465
12.352
12.352
12.578
12.803
12.521
12.578
12.578
12.578
16.074
12.578
12.578
12.578
12.578
12.408
12.352
12.408
12.465
12.465
12.352
12.352
12.352
12.352
12.352
12.352
12.352
12.352
12.352
12.352
12.352
12.408
12.408
12.465
12.634
12.014
12.408
11.957
11.957
12.183
11.957
11.957
12.070
12.070
12.070
12.070
12.070
12.126
12.014
12.014
12.014
12.014
12.126
12.014
12.014
12.014
12.014
12.014
11.957
11.957
12.126
12.014
12.014
12.014
12.014
12.014
12.014
12.070
12.014
12.014
12.014
12.014
12.014
12.014
12.014
12.014
12.014
12.352
12.014
11.957
11.957
12.747
11.957
12.014
12.014
12.014
12.014
12.183
12.183
12.183
12.352
12.126
12.183
12.239
12.239
12.239
12.183
12.183
13.818
12.183
12.408
12.465
12.408
12.408
20.812
12.408
12.408
12.408
12.408
12.408
12.465
12.408
12.860
12.408
11.788
12.408
12.408
11.506
12.408
12.183
12.521
12.521
12.521
12.465
12.408
12.408
12.408
12.408
12.408
13.085
12.408
12.408
12.408
12.408
12.352
12.465
12.465
12.465
12.465
12.465
12.465
12.578
12.408
12.465
12.465
12.465
12.465
12.465
12.465
12.465
12.465
12.296
12.126
12.296
12.296
12.296
10.998
12.296
12.239
12.239
12.578
12.634
12.239
12.352
12.352
12.239
12.239
12.239
12.239
12.239
12.352
12.352
12.352
12.352
12.408
12.352
12.352
12.408
12.352
10.716
12.634
12.465
12.352
12.296
12.296
12.521
12.521
12.521
12.239
12.521
12.521
12.521
12.521
12.578
12.521
12.521
12.521
12.578
12.521
12.521
12.521
12.747
12.465
12.521
19.628
12.521
12.521
12.521
12.521
12.521
12.578
12.521
12.521
12.296
12.296
12.296
21.094
12.296
12.408
12.296
12.296
12.239
12.014
12.296
12.296
12.296
12.296
13.085
12.296
12.296
12.352
12.296
12.521
12.296
12.296
12.296
12.296
12.296
12.183
12.296
12.296
12.296
12.634
12.239
12.296
12.296
12.296
12.352
12.296
12.296
12.860
11.957
11.957
12.803
11.957
12.239
11.957
11.957
11.957
11.957
12.014
11.957
11.957
11.957
11.957
13.142
11.957
11.957
11.957
12.014
12.014
12.014
12.183
11.957
12.014
12.014
12.014
11.901
12.014
14.382
12.465
12.296
12.014
12.014
12.916
11.844
11.844
12.126
12.126
12.126
12.126
11.901
12.126
12.126
12.070
10.829
10.716
10.829
10.829
10.829
10.829
10.942
10.942
10.998
10.998
11.337
11.337
11.280
11.280
11.280
11.280
11.280
11.280
11.111
11.168
11.224
11.168
11.168
11.168
11.168
11.168
11.224
11.224
11.224
11.224
11.224
11.111
11.224
11.168
11.168
11.168
11.224
11.224
10.716
11.168
11.224
11.224
10.942
11.168
11.168
11.168
11.224
11.224
11.224
11.055
11.224
11.280
10.942
10.998
12.408
13.311
11.224
11.393
11.224
11.224
11.111
11.168
11.224
11.224
11.224
11.224
11.224
11.280
11.280
11.280
11.055
11.055
11.055
11.111
11.168
11.055
11.111
11.168
12.916
11.168
11.168
11.111
11.168
11.168
11.337
11.168
12.070
11.055
11.901
11.111
11.168
10.491
11.168
11.168
11.111
11.111
11.168
11.111
11.111
11.111
11.111
11.111
11.055
10.998
13.818
10.998
10.998
11.111
10.998
10.886
11.055
10.886
10.886
10.886
10.886
10.886
10.886
10.886
10.886
10.886
10.886
10.886
10.886
10.886
10.886
10.886
13.029
10.886
10.434
10.886
10.886
10.829
10.829
10.773
10.829
10.773
10.773
10.773
10.773
10.773
10.773
10.773
10.829
10.829
10.829
10.829
10.829
10.829
10.886
10.660
10.660
10.603
10.547
10.603
10.603
20.079
10.603
10.829
10.603
10.603
10.660
10.603
10.603
10.660
10.660
10.660
10.660
10.603
12.239
10.265
10.152
11.337
10.603
10.603
10.998
10.660
10.660
10.716
10.716
10.716
10.829
10.716
10.660
10.716
10.603
10.660
10.716
10.716
10.998
10.716
10.773
10.547
10.547
10.829
10.773
11.055
20.023
11.055
11.055
11.055
11.055
11.111
11.111
11.111
11.901
11.901
11.111
11.168
11.732
11.111
10.998
10.886
14.044
10.886
10.942
11.055
11.055
11.055
10.942
10.942
10.942
10.942
20.530
10.942
10.886
10.886
10.886
10.886
10.886
11.168
10.886
10.886
10.886
12.860
11.055
11.055
10.773
10.942
11.055
11.224
10.998
10.829
10.998
10.942
10.998
10.998
11.675
10.998
11.280
10.998
10.998
11.506
10.998
10.998
10.998
11.450
10.998
11.055
11.055
11.055
10.998
10.998
10.998
10.998
10.998
10.998
10.998
10.998
10.998
10.998
10.998
10.998
10.998
10.998
10.942
10.998
10.998
11.168
10.547
10.998
10.942
10.998
10.942
10.998
10.998
10.998
10.829
10.998
10.998
11.111
10.942
10.716
10.716
10.716
11.393
10.716
10.829
14.157
10.886
10.716
11.337
10.716
10.716
10.716
10.660
10.603
10.829
12.972
10.716
10.942
10.716
10.716
10.716
10.716
10.716
10.716
10.660
10.716
10.773
10.660
10.716
10.660
10.660
10.660
10.434
10.716
10.660
16.244
10.773
10.660
10.660
10.603
10.603
10.603
10.603
10.603
10.603
10.603
10.716
10.942
20.361
10.942
10.547
10.603
11.055
10.603
10.660
10.660
10.660
12.296
10.603
10.603
10.716
10.716
10.716
10.773
10.716
10.773
10.773
10.773
10.773
10.773
10.773
10.773
10.773
12.803
10.773
10.773
10.773
10.773
11.450
14.890
10.773
10.716
10.716
10.716
10.716
10.716
10.716
12.070
10.716
10.716
10.716
10.716
10.716
10.716
10.773
10.716
10.547
9.814
10.773
10.773
10.773
10.773
10.773
10.773
10.773
10.773
10.716
10.773
10.716
10.716
10.716
10.829
12.465
14.044
10.716
10.829
10.829
10.829
10.829
10.886
10.829
10.829
10.829
10.716
10.378
10.829
10.886
10.773
10.829
10.829
10.603
11.280
10.773
10.773
10.603
10.942
10.829
10.886
10.773
10.829
10.773
10.829
10.773
10.773
10.773
10.773
10.773
10.773
9.757
10.773
10.773
10.716
10.773
10.716
10.773
10.829
10.829
10.829
10.942
10.829
10.829
10.829
10.773
10.942
10.829
10.829
10.829
10.829
10.829
10.829
10.829
10.829
10.773
10.829
10.829
10.547
10.829
10.829
10.829
11.844
10.829
12.972
10.829
10.886
10.998
10.829
10.886
10.886
10.886
10.773
10.773
10.773
10.886
10.773
10.773
12.634
10.773
10.773
11.168
10.773
10.773
10.716
10.773
10.773
10.773
10.773
10.773
10.773
10.773
10.660
10.660
10.660
10.660
10.660
10.321
10.321
10.265
10.096
10.096
10.152
10.096
11.393
10.096
10.321
10.321
10.378
10.378
10.942
10.603
10.378
10.378
10.378
10.378
10.378
10.378
10.378
10.378
10.378
11.732
10.434
10.378
10.434
10.434
10.378
10.378
10.378
10.378
10.378
10.378
10.378
10.378
10.378
10.378
10.378
10.378
10.321
14.157
10.321
10.321
10.321
10.378
10.378
10.378
10.434
10.378
10.378
10.321
10.491
10.491
10.491
10.491
10.491
10.491
10.491
10.434
10.434
10.434
10.434
10.434
10.434
10.378
10.660
10.491
10.434
10.209
10.378
10.378
10.321
10.321
10.321
10.321
10.321
10.321
10.321
10.265
10.321
10.209
10.378
10.209
10.209
16.695
10.209
10.209
10.209
10.321
10.209
10.152
12.126
10.265
10.152
10.152
10.152
10.378
10.152
10.039
10.152
10.096
10.096
10.547
10.209
10.209
11.280
10.209
10.209
9.870
10.209
10.152
10.378
10.152
10.152
12.521
10.152
10.152
10.096
10.209
10.152
10.152
10.152
10.152
10.209
10.152
10.152
10.152
10.152
10.152
10.152
10.152
10.039
9.983
9.983
19.966
9.983
9.983
9.983
9.983
9.983
9.983
9.983
9.983
10.209
9.983
9.983
11.224
9.983
10.265
9.983
9.983
9.983
9.983
9.983
9.983
10.096
9.927
9.927
9.757
9.757
9.814
9.757
9.757
9.814
10.603
9.757
9.701
9.701
9.757
9.701
9.701
9.701
9.645
9.757
9.757
9.645
9.701
9.701
9.701
9.701
9.701
9.645
9.701
9.757
9.814
9.645
9.814
9.814
9.757
9.814
9.814
9.814
9.814
9.814
9.814
9.757
9.757
10.039
9.757
9.757
9.645
9.645
9.645
9.645
9.645
9.645
9.645
9.645
9.814
9.814
10.152
10.773
10.265
10.265
10.265
10.321
10.265
10.378
10.321
10.265
10.265
10.265
10.265
10.265
10.773
11.280
10.265
10.434
10.321
10.265
10.265
10.152
10.321
10.152
10.152
10.152
10.152
10.152
10.152
10.152
10.152
10.152
10.152
10.152
10.152
11.675
10.265
10.265
10.321
10.321
10.265
10.265
10.321
10.321
10.321
10.209
10.209
10.209
10.321
10.321
10.152
10.265
10.209
10.152
10.152
10.209
10.152
10.265
10.265
10.209
10.209
10.660
10.209
10.265
10.265
11.619
12.747
10.152
10.152
10.096
10.096
10.096
10.039
10.096
10.096
10.152
10.152
10.321
10.378
10.378
10.265
10.265
10.265
10.265
10.209
10.209
10.265
10.265
10.265
11.111
10.265
10.265
10.265
10.265
10.265
10.378
10.209
10.265
10.265
10.265
10.209
10.265
10.209
10.265
10.265
10.265
10.265
10.209
15.341
10.209
10.265
18.613
9.363
10.998
10.547
10.547
10.547
10.603
10.547
10.378
10.547
10.547
10.603
10.603
10.603
10.547
10.491
19.853
10.491
10.491
10.491
10.378
10.491
9.814
10.378
10.603
10.491
10.491
10.998
10.378
10.378
10.152
10.321
10.491
10.378
10.491
10.378
10.378
10.378
10.378
10.378
10.434
10.321
10.378
10.491
10.378
10.378
10.378
10.378
10.378
10.378
10.378
10.378
10.378
12.183
10.378
10.942
10.378
10.378
10.096
10.378
10.434
10.491
10.378
10.378
10.378
10.547
10.378
10.378
10.378
10.321
10.096
10.209
10.152
10.209
10.209
10.209
10.434
10.209
10.209
9.757
10.152
10.209
10.152
10.152
10.265
10.265
10.209
10.265
10.209
10.209
9.137
9.927
10.209
10.660
10.096
10.491
9.927
10.096
10.096
10.096
10.152
9.081
8.968
8.968
16.977
8.968
8.968
8.968
8.968
8.968
8.968
9.024
9.024
9.081
9.024
9.081
9.024
11.957
9.024
9.081
9.137
9.081
9.081
9.081
9.081
9.081
9.081
9.927
9.081
9.081
9.137
9.081
9.081
9.306
9.306
9.306
9.757
9.306
9.306
9.081
9.250
9.363
9.757
9.363
9.306
10.096
9.306
11.111
9.363
9.588
9.419
9.419
9.419
11.224
9.419
9.475
9.532
9.419
9.475
13.480
9.475
9.475
9.419
9.475
9.532
9.475
9.475
9.475
9.475
9.475
9.475
9.419
9.419
9.419
9.419
9.419
9.363
9.419
9.363
9.363
9.363
9.363
9.193
9.306
9.306
9.306
9.193
9.250
9.645
9.193
9.250
9.193
9.193
12.690
9.081
9.193
10.773
9.193
9.193
9.193
9.193
9.193
9.193
9.137
9.137
9.137
9.137
9.137
9.193
9.588
9.193
9.193
9.193
9.193
9.193
9.193
9.193
9.250
9.193
9.081
19.346
9.363
9.024
9.081
9.081
9.024
9.081
9.024
9.024
9.024
9.081
9.024
9.306
9.024
9.024
9.024
8.968
9.024
9.081
9.081
9.137
9.024
9.588
9.588
9.588
9.588
9.588
9.588
9.532
9.532
9.588
9.645
9.532
12.634
9.532
11.168
9.588
9.532
9.588
9.588
9.137
9.588
12.126
9.588
9.588
9.588
9.588
9.701
9.588
9.701
9.645
9.645
9.588
9.588
9.701
9.701
9.701
9.645
9.475
9.475
9.588
9.363
9.419
9.363
9.363
9.363
9.306
9.363
9.419
9.419
9.363
9.363
9.419
9.475
12.014
9.532
9.419
9.419
9.306
11.280
9.250
9.306
9.250
9.250
9.250
9.250
9.250
9.250
9.250
9.250
9.250
9.250
9.193
9.250
9.250
9.193
9.250
9.250
9.250
9.193
9.250
8.742
9.250
9.250
11.450
9.250
9.306
9.363
11.957
9.193
9.250
9.306
9.250
9.306
9.250
9.306
9.363
9.306
9.306
9.306
9.306
9.306
9.306
9.306
9.927
9.306
9.306
9.306
10.942
9.306
9.193
12.972
13.311
9.306
9.306
9.306
10.378
9.306
9.250
9.588
9.532
9.588
9.588
9.588
9.588
10.716
9.137
9.645
9.588
10.209
9.588
12.014
9.588
9.588
8.968
9.475
9.532
10.209
9.532
11.957
9.532
9.532
9.475
9.081
9.532
9.475
9.419
9.475
9.419
9.419
9.757
9.475
9.363
9.927
9.363
9.363
9.363
9.306
9.363
9.306
9.363
9.419
9.363
9.363
12.465
9.363
9.363
9.870
9.363
9.363
9.363
9.363
9.363
9.363
9.363
9.306
9.363
9.363
9.363
9.306
9.363
9.363
9.363
9.363
13.818
9.363
9.363
9.363
9.363
9.306
9.419
9.363
9.363
9.306
9.250
9.306
9.363
9.814
9.306
9.363
9.081
9.306
8.968
9.081
9.081
9.081
9.081
9.137
9.137
9.137
9.137
9.363
10.096
9.137
9.137
9.137
9.137
9.137
9.081
9.024
9.024
9.024
8.968
9.024
9.814
9.024
9.024
9.024
9.250
9.024
9.024
9.024
10.434
9.024
9.024
9.024
9.024
9.024
9.024
9.024
8.968
8.968
8.968
9.024
8.911
8.911
10.039
8.968
8.911
8.968
8.911
8.968
10.039
9.081
9.081
9.193
9.081
9.081
9.081
9.081
9.193
9.024
9.081
9.137
9.193
9.081
9.024
9.081
9.193
9.024
9.081
9.081
9.475
9.250
9.081
9.024
9.081
9.024
9.024
9.024
9.193
9.024
9.024
9.024
9.024
9.024
9.081
9.475
8.968
9.024
9.306
9.306
9.306
9.306
9.306
9.250
9.306
9.363
9.363
9.363
9.250
9.193
9.193
9.193
9.532
9.588
9.532
9.532
9.588
9.532
9.588
9.475
9.419
9.588
9.419
9.081
9.081
8.855
8.855
11.450
8.855
8.911
8.855
18.500
8.855
9.927
10.660
8.911
8.911
9.081
8.911
8.911
8.911
8.911
8.911
8.911
9.363
9.419
8.968
8.911
8.911
8.968
8.968
8.968
9.137
9.137
9.137
